"","x","y","sim1","sim2","sim3","sim4"
"1",3.33333333333333,6.66666666666667,0.189652010798454,-0.539835751056671,0.569594502449036,-0.143648535013199
"2",6.66666666666667,3.33333333333333,-0.366167336702347,1.98624730110168,-1.05598032474518,0.0865059569478035
"3",13.3333333333333,6.66666666666667,-0.892539441585541,1.56846332550049,-1.59218275547028,-0.519371151924133
"4",16.6666666666667,3.33333333333333,0.859741449356079,-0.973481237888336,0.537842690944672,-1.19801151752472
"5",23.3333333333333,6.66666666666667,-0.0411196164786816,-0.060781292617321,-0.212744012475014,0.369799584150314
"6",26.6666666666667,3.33333333333333,0.747007787227631,-0.413544207811356,1.73809564113617,2.41199016571045
"7",33.3333333333333,6.66666666666667,1.41125583648682,0.51055634021759,0.184253126382828,1.39420032501221
"8",36.6666666666667,3.33333333333333,-1.84747791290283,-0.903872847557068,0.135041549801826,-0.162166967988014
"9",43.3333333333333,6.66666666666667,0.213100209832191,-0.567150235176086,-0.276142984628677,0.606341481208801
"10",46.6666666666667,3.33333333333333,0.180096358060837,-0.12080343067646,-1.36664652824402,0.310864567756653
"11",53.3333333333333,6.66666666666667,0.698976814746857,-1.71921217441559,-0.438828408718109,0.892463028430939
"12",56.6666666666667,3.33333333333333,-1.3263281583786,-0.990422487258911,-0.311859786510468,0.845813989639282
"13",63.3333333333333,6.66666666666667,-0.975226700305939,-1.17046308517456,-1.00515687465668,-0.371022075414658
"14",66.6666666666667,3.33333333333333,0.469850212335587,-1.00768339633942,1.3558269739151,0.137089282274246
"15",73.3333333333333,6.66666666666667,-1.47822177410126,0.583273828029633,-1.4964154958725,0.540391504764557
"16",76.6666666666667,3.33333333333333,1.11759173870087,1.87578642368317,-0.771847486495972,1.44858741760254
"17",83.3333333333333,6.66666666666667,-1.52412164211273,-1.42351758480072,-1.71669840812683,-0.543868720531464
"18",86.6666666666667,3.33333333333333,-0.357895463705063,1.09616851806641,-0.721571624279022,0.838799238204956
"19",93.3333333333333,6.66666666666667,1.11361849308014,-1.5430634021759,2.26887583732605,-2.61407256126404
"20",96.6666666666667,3.33333333333333,-1.21096634864807,-0.661576092243195,-1.10426688194275,-0.239590182900429
"21",103.333333333333,6.66666666666667,0.20134562253952,0.0451398678123951,-0.278214395046234,-0.432187259197235
"22",106.666666666667,3.33333333333333,-0.599404633045197,0.377143830060959,-0.0872672945261002,-0.399289101362228
"23",113.333333333333,6.66666666666667,-1.66833853721619,-0.0573093108832836,-0.185640960931778,1.96681225299835
"24",116.666666666667,3.33333333333333,1.27577137947083,0.0590414628386497,1.59646546840668,-1.56008839607239
"25",123.333333333333,6.66666666666667,0.050002284348011,-1.10936939716339,0.991305470466614,-1.88473093509674
"26",126.666666666667,3.33333333333333,-0.305981367826462,0.141964122653008,1.71866405010223,0.225032776594162
"27",133.333333333333,6.66666666666667,-0.253326058387756,-0.292680650949478,-0.296323090791702,-2.57114052772522
"28",136.666666666667,3.33333333333333,-0.729935526847839,-0.0516801290214062,0.796151578426361,-0.317350536584854
"29",143.333333333333,6.66666666666667,1.12476420402527,-0.102047868072987,-0.862460970878601,1.4970531463623
"30",146.666666666667,3.33333333333333,0.175501063466072,2.00190210342407,-0.48438286781311,0.407305240631104
"31",153.333333333333,6.66666666666667,0.0702461004257202,0.230568394064903,-0.0235008541494608,-0.0127818509936333
"32",156.666666666667,3.33333333333333,-0.0550381578505039,-0.401279807090759,-0.756945073604584,-0.820525705814362
"33",163.333333333333,6.66666666666667,1.49433791637421,-1.0177218914032,-1.42374539375305,1.13323783874512
"34",166.666666666667,3.33333333333333,0.941815972328186,0.373542129993439,-0.0291554089635611,-2.10400152206421
"35",173.333333333333,6.66666666666667,1.21908318996429,-0.995144903659821,-0.384066343307495,1.74300956726074
"36",176.666666666667,3.33333333333333,-0.329103469848633,1.45142936706543,-0.141163855791092,0.0501006543636322
"37",183.333333333333,6.66666666666667,0.30938646197319,0.939004302024841,-1.53110599517822,-0.936337769031525
"38",186.666666666667,3.33333333333333,-1.9947497844696,-1.41415929794312,-0.242631316184998,-1.18951261043549
"39",193.333333333333,6.66666666666667,-2.56652855873108,-0.441343635320663,0.771447241306305,0.830359935760498
"40",196.666666666667,3.33333333333333,-1.17022919654846,1.45620906352997,-0.955054044723511,1.60658800601959
"41",3.33333333333333,16.6666666666667,0.202910125255585,0.899632751941681,0.0692599713802338,-0.628941237926483
"42",6.66666666666667,13.3333333333333,-0.213681191205978,0.0383018478751183,-0.53064489364624,0.0118014328181744
"43",13.3333333333333,16.6666666666667,0.79153710603714,0.553186893463135,0.389469772577286,-0.0645405352115631
"44",16.6666666666667,13.3333333333333,-1.57912707328796,-0.318370223045349,-0.570887506008148,-0.428627669811249
"45",23.3333333333333,16.6666666666667,1.43678438663483,-0.589440941810608,0.517282009124756,-0.0696896240115166
"46",26.6666666666667,13.3333333333333,1.13507199287415,-0.635864853858948,1.31649768352509,-0.66314560174942
"47",33.3333333333333,16.6666666666667,-1.95699524879456,-1.6245459318161,-1.10123479366302,1.00274789333344
"48",36.6666666666667,13.3333333333333,0.117855630815029,-0.200452849268913,1.434645652771,0.524316310882568
"49",43.3333333333333,16.6666666666667,0.644694745540619,0.665111601352692,-0.0955363810062408,-0.451179474592209
"50",46.6666666666667,13.3333333333333,-0.921883225440979,-0.215812265872955,0.250415861606598,0.906942486763
"51",53.3333333333333,16.6666666666667,0.257304012775421,0.908596992492676,1.56769680976868,-0.449953347444534
"52",56.6666666666667,13.3333333333333,-1.48368561267853,1.01181268692017,-0.116409048438072,1.55758583545685
"53",63.3333333333333,16.6666666666667,-0.350455641746521,0.393808096647263,1.31573951244354,0.8644660115242
"54",66.6666666666667,13.3333333333333,-1.0195986032486,1.31616425514221,1.5744411945343,0.337102830410004
"55",73.3333333333333,16.6666666666667,-0.253162860870361,-1.01279997825623,-0.182637169957161,-0.0393748097121716
"56",76.6666666666667,13.3333333333333,-0.929768204689026,1.24618947505951,-0.935744047164917,1.40780103206635
"57",83.3333333333333,16.6666666666667,0.664938986301422,0.586749374866486,1.07414853572845,0.712595999240875
"58",86.6666666666667,13.3333333333333,-0.433676481246948,-0.893582463264465,0.119514308869839,0.232517153024673
"59",93.3333333333333,16.6666666666667,-0.757973372936249,0.625108242034912,0.346559405326843,1.61201989650726
"60",96.6666666666667,13.3333333333333,0.4145487844944,0.416963070631027,1.0605708360672,0.585824131965637
"61",103.333333333333,16.6666666666667,-0.0780183970928192,-0.9565469622612,-0.0675561353564262,-0.433452665805817
"62",106.666666666667,13.3333333333333,0.388890504837036,0.586803019046783,-1.73134744167328,0.534752666950226
"63",113.333333333333,16.6666666666667,-0.0446868911385536,-0.753099501132965,-0.253831058740616,-0.0856913402676582
"64",116.666666666667,13.3333333333333,0.277731150388718,-1.31211984157562,-1.83865368366241,1.57878625392914
"65",123.333333333333,16.6666666666667,-0.21650268137455,0.83393383026123,-1.35277211666107,0.394960582256317
"66",126.666666666667,13.3333333333333,-0.327580839395523,-0.249989733099937,1.3438708782196,0.25053209066391
"67",133.333333333333,16.6666666666667,-1.30107319355011,-0.605927288532257,0.449596554040909,-1.34381234645844
"68",136.666666666667,13.3333333333333,-1.55488038063049,-1.39463520050049,1.19356799125671,0.592848598957062
"69",143.333333333333,16.6666666666667,0.568204283714294,1.64561629295349,1.32383120059967,-0.364561378955841
"70",146.666666666667,13.3333333333333,1.8577253818512,-0.110819339752197,0.957428991794586,0.520509302616119
"71",153.333333333333,16.6666666666667,0.66438215970993,-1.56315433979034,-0.741758167743683,1.10392534732819
"72",156.666666666667,13.3333333333333,1.33352792263031,-0.766231417655945,1.48142576217651,1.27379655838013
"73",163.333333333333,16.6666666666667,-1.28986895084381,-1.02294385433197,-0.932151854038239,0.2850281894207
"74",166.666666666667,13.3333333333333,0.59735894203186,1.16707360744476,-1.76824176311493,-0.117261566221714
"75",173.333333333333,16.6666666666667,-0.11387737095356,-1.11389625072479,-1.25415182113647,0.580046772956848
"76",176.666666666667,13.3333333333333,-0.420856267213821,-0.724088609218597,-0.591826260089874,1.76890742778778
"77",183.333333333333,16.6666666666667,0.386959761381149,-1.06174409389496,0.392966270446777,1.56456398963928
"78",186.666666666667,13.3333333333333,1.46977984905243,-1.15488755702972,-1.84420895576477,1.04870796203613
"79",193.333333333333,16.6666666666667,-0.11391419172287,1.20769083499908,-0.377948760986328,-0.520490944385529
"80",196.666666666667,13.3333333333333,-1.21662414073944,0.196104243397713,0.641548275947571,0.364104241132736
"81",3.33333333333333,26.6666666666667,0.477990657091141,-0.718567192554474,-0.835705518722534,-1.17363178730011
"82",6.66666666666667,23.3333333333333,-0.423504590988159,-0.497859865427017,0.560506224632263,-0.287653297185898
"83",13.3333333333333,26.6666666666667,0.153521925210953,-0.547647893428802,2.06834053993225,2.57979488372803
"84",16.6666666666667,23.3333333333333,1.13909733295441,1.36490249633789,0.476240009069443,-0.297585517168045
"85",23.3333333333333,26.6666666666667,0.0815718099474907,1.02901577949524,-1.72036588191986,-1.70801293849945
"86",26.6666666666667,23.3333333333333,0.869665503501892,0.0504221841692924,-1.22141718864441,-0.630789756774902
"87",33.3333333333333,26.6666666666667,-0.958019733428955,0.577679932117462,0.87700217962265,-0.321958482265472
"88",36.6666666666667,23.3333333333333,0.800859034061432,-1.19445371627808,0.34813728928566,-0.934188544750214
"89",43.3333333333333,26.6666666666667,0.124517001211643,0.638249039649963,1.70024430751801,0.0791570469737053
"90",46.6666666666667,23.3333333333333,-0.953726649284363,0.356532514095306,1.36719179153442,-0.377306878566742
"91",53.3333333333333,26.6666666666667,-0.0918580368161201,-0.00795711297541857,1.52912938594818,-0.828625619411469
"92",56.6666666666667,23.3333333333333,-0.462097108364105,0.626077950000763,0.261792212724686,-1.21965277194977
"93",63.3333333333333,26.6666666666667,-0.624189615249634,-0.397540211677551,-0.814205825328827,0.319558888673782
"94",66.6666666666667,23.3333333333333,-0.2605100274086,0.348540216684341,-0.191036865115166,0.684646666049957
"95",73.3333333333333,26.6666666666667,-1.24494516849518,0.985785663127899,2.55440378189087,-0.670064926147461
"96",76.6666666666667,23.3333333333333,-1.24898934364319,0.762987017631531,-1.53490376472473,0.94531261920929
"97",83.3333333333333,26.6666666666667,-1.10864186286926,-1.25511646270752,-0.131899043917656,0.189571768045425
"98",86.6666666666667,23.3333333333333,-0.0793337896466255,0.111465103924274,-0.267146021127701,-0.95334804058075
"99",93.3333333333333,26.6666666666667,-1.31981897354126,-1.19560348987579,-0.8705695271492,1.24756133556366
"100",96.6666666666667,23.3333333333333,-1.08875131607056,-1.01854848861694,-0.0573243536055088,0.191757947206497
"101",103.333333333333,26.6666666666667,-0.329195559024811,0.514930069446564,-1.43595325946808,0.422668695449829
"102",106.666666666667,23.3333333333333,-1.01151788234711,-0.333513766527176,0.047348041087389,1.76559495925903
"103",113.333333333333,26.6666666666667,-2.1150107383728,0.726222813129425,-0.539787411689758,-0.0814116597175598
"104",116.666666666667,23.3333333333333,0.338724404573441,-0.396640479564667,1.11778950691223,0.887928187847137
"105",123.333333333333,26.6666666666667,-1.07869160175323,0.484939426183701,-0.451072543859482,-0.977012038230896
"106",126.666666666667,23.3333333333333,0.522950410842896,1.4831645488739,1.74757850170135,0.761899292469025
"107",133.333333333333,26.6666666666667,0.184964373707771,0.428534120321274,-0.258118748664856,2.77711081504822
"108",136.666666666667,23.3333333333333,0.673577189445496,0.461907982826233,0.803744733333588,0.00704801641404629
"109",143.333333333333,26.6666666666667,0.368205100297928,-0.252591192722321,-0.61175149679184,-0.876894414424896
"110",146.666666666667,23.3333333333333,0.871336996555328,-1.0177344083786,-0.583281517028809,0.920629441738129
"111",153.333333333333,26.6666666666667,-1.29945087432861,0.88374650478363,-0.449569880962372,0.707575380802155
"112",156.666666666667,23.3333333333333,-0.0736253038048744,-0.394822895526886,-1.43858909606934,-1.62107706069946
"113",163.333333333333,26.6666666666667,-0.232854321599007,0.0548782870173454,-0.559138715267181,1.81411194801331
"114",166.666666666667,23.3333333333333,1.83598685264587,-1.80525028705597,1.03847312927246,-2.06808662414551
"115",173.333333333333,26.6666666666667,-0.0435794331133366,0.0438075251877308,0.258977919816971,-0.998486340045929
"116",176.666666666667,23.3333333333333,0.00215802458114922,0.866986691951752,-0.299122184514999,-0.347419768571854
"117",183.333333333333,26.6666666666667,1.4356803894043,1.305100440979,-0.0372214801609516,-0.179613709449768
"118",186.666666666667,23.3333333333333,1.0196887254715,0.944108366966248,-0.0548587627708912,0.327843964099884
"119",193.333333333333,26.6666666666667,-0.553058207035065,0.499128192663193,0.0571511127054691,-0.16278949379921
"120",196.666666666667,23.3333333333333,0.812875866889954,1.60342919826508,-0.305661529302597,0.568557262420654
"121",3.33333333333333,36.6666666666667,-0.13635940849781,0.723800957202911,0.0176238846033812,0.0545980706810951
"122",6.66666666666667,33.3333333333333,0.482770532369614,-0.375694155693054,-0.0575671158730984,-2.08468294143677
"123",13.3333333333333,36.6666666666667,-2.21937870979309,-0.469728291034698,0.353128224611282,-1.22882258892059
"124",16.6666666666667,33.3333333333333,-0.473099321126938,0.795814692974091,-0.183383047580719,0.526788532733917
"125",23.3333333333333,36.6666666666667,-0.432540953159332,0.224627465009689,0.160751447081566,0.967742383480072
"126",26.6666666666667,33.3333333333333,-0.210633844137192,-2.38277578353882,-0.265712589025497,1.38033711910248
"127",33.3333333333333,36.6666666666667,-1.26336681842804,0.549052059650421,0.873251616954803,-0.865103483200073
"128",36.6666666666667,33.3333333333333,-0.209768652915955,0.296611428260803,-2.56220746040344,-1.58188426494598
"129",43.3333333333333,36.6666666666667,-0.42692443728447,-0.128849789500237,1.35362863540649,-0.683165073394775
"130",46.6666666666667,33.3333333333333,-0.0680781602859497,0.98529714345932,-0.0226741973310709,0.40724390745163
"131",53.3333333333333,36.6666666666667,0.259076327085495,-0.700630187988281,0.262641698122025,-0.604286134243011
"132",56.6666666666667,33.3333333333333,-0.633992969989777,0.815283238887787,2.25838875770569,0.68734735250473
"133",63.3333333333333,36.6666666666667,0.316734403371811,-0.352314412593842,0.277022182941437,0.594751954078674
"134",66.6666666666667,33.3333333333333,-0.364575564861298,1.13071358203888,0.0386736318469048,2.3226203918457
"135",73.3333333333333,36.6666666666667,0.470209300518036,-0.356652557849884,0.768272876739502,-1.07378387451172
"136",76.6666666666667,33.3333333333333,0.245710670948029,-1.02556049823761,0.190288305282593,-1.28765380382538
"137",83.3333333333333,36.6666666666667,-1.60981178283691,0.844637393951416,-0.412562847137451,-0.626430213451385
"138",86.6666666666667,33.3333333333333,0.478325963020325,-0.860673427581787,-0.116136588156223,1.18548858165741
"139",93.3333333333333,36.6666666666667,-0.937722980976105,0.730735659599304,-1.24061369895935,-0.177545323967934
"140",96.6666666666667,33.3333333333333,0.632609188556671,-0.143899410963058,-0.466781795024872,-0.873561024665833
"141",103.333333333333,36.6666666666667,-0.727062702178955,0.387081056833267,0.655460476875305,1.39853715896606
"142",106.666666666667,33.3333333333333,-1.81492018699646,0.969149351119995,0.393132656812668,0.544310986995697
"143",113.333333333333,36.6666666666667,-0.950492858886719,1.2197093963623,1.53518080711365,-0.897413015365601
"144",116.666666666667,33.3333333333333,-0.778287172317505,-0.98321396112442,-0.724414706230164,0.908605873584747
"145",123.333333333333,36.6666666666667,0.323431760072708,0.316266775131226,1.59308457374573,0.403196334838867
"146",126.666666666667,33.3333333333333,-1.09267950057983,-0.522684872150421,0.447167158126831,3.04639673233032
"147",133.333333333333,36.6666666666667,-1.20495784282684,-0.407614767551422,-1.35451304912567,0.768883943557739
"148",136.666666666667,33.3333333333333,-0.383603483438492,0.473380655050278,-0.380796074867249,-0.115490905940533
"149",143.333333333333,36.6666666666667,1.28897929191589,-0.900297284126282,-0.54096645116806,-1.4831782579422
"150",146.666666666667,33.3333333333333,-0.0230082217603922,0.469492793083191,-0.531032562255859,-1.74758434295654
"151",153.333333333333,36.6666666666667,-0.729843497276306,1.25803244113922,-1.64874231815338,0.393176913261414
"152",156.666666666667,33.3333333333333,1.62173688411713,-1.62602150440216,-0.26527988910675,0.564238309860229
"153",163.333333333333,36.6666666666667,1.81470334529877,-1.04710817337036,0.851415991783142,-0.559567451477051
"154",166.666666666667,33.3333333333333,-1.35065364837646,-0.852790355682373,0.802975535392761,-0.82877641916275
"155",173.333333333333,36.6666666666667,-1.33445203304291,1.57848644256592,-0.951198995113373,1.07946872711182
"156",176.666666666667,33.3333333333333,-1.49294352531433,1.06477904319763,-0.624004781246185,1.7050039768219
"157",183.333333333333,36.6666666666667,0.569836318492889,1.19506108760834,-1.92999720573425,-1.12225770950317
"158",186.666666666667,33.3333333333333,-0.48310324549675,2.11591339111328,0.0321677140891552,-1.22993361949921
"159",193.333333333333,36.6666666666667,-1.24920678138733,0.158918499946594,-1.06214213371277,-0.949163913726807
"160",196.666666666667,33.3333333333333,-0.776375412940979,-0.962044715881348,-0.394247353076935,-0.765323221683502
"161",3.33333333333333,46.6666666666667,0.0885156989097595,0.117460392415524,-0.226436138153076,-1.05560493469238
"162",6.66666666666667,43.3333333333333,0.317303061485291,0.429225504398346,-0.0316713564097881,0.251451581716537
"163",13.3333333333333,46.6666666666667,0.965209007263184,0.7914057970047,-0.277900844812393,1.91386198997498
"164",16.6666666666667,43.3333333333333,0.830394506454468,0.496986985206604,0.0377207286655903,-0.722466647624969
"165",23.3333333333333,46.6666666666667,0.52295458316803,-0.701528251171112,0.306148082017899,-0.322510331869125
"166",26.6666666666667,43.3333333333333,-1.95937442779541,-0.408385723829269,0.418188482522964,0.18362520635128
"167",33.3333333333333,46.6666666666667,-0.330605804920197,-1.61949992179871,1.39202630519867,0.0946518108248711
"168",36.6666666666667,43.3333333333333,-0.686359167098999,1.56122183799744,1.06032121181488,0.793183565139771
"169",43.3333333333333,46.6666666666667,1.17949676513672,-0.963062822818756,-0.116737738251686,-1.34777426719666
"170",46.6666666666667,43.3333333333333,-0.699229896068573,0.0513960495591164,-0.257562428712845,0.319685041904449
"171",53.3333333333333,46.6666666666667,-1.73741316795349,0.0142597313970327,0.746454834938049,-1.57122778892517
"172",56.6666666666667,43.3333333333333,0.892324984073639,0.691833317279816,-1.11497390270233,0.427323341369629
"173",63.3333333333333,46.6666666666667,-1.2658679485321,0.686273038387299,-0.0123919146135449,0.616478860378265
"174",66.6666666666667,43.3333333333333,-0.708245754241943,-0.625151097774506,1.6623729467392,-0.308851987123489
"175",73.3333333333333,46.6666666666667,0.239149808883667,-0.666296422481537,0.647195875644684,-0.845306813716888
"176",76.6666666666667,43.3333333333333,-0.535204529762268,-0.881395816802979,-1.13517034053802,-1.0001984834671
"177",83.3333333333333,46.6666666666667,0.643938064575195,-0.753466367721558,-0.699349462985992,-0.350333124399185
"178",86.6666666666667,43.3333333333333,1.57143068313599,-0.608292698860168,3.21645736694336,-0.391557842493057
"179",93.3333333333333,46.6666666666667,0.065311536192894,-0.142250508069992,1.41889917850494,-1.30168962478638
"180",96.6666666666667,43.3333333333333,0.363969415426254,-0.368563681840897,-0.0528486743569374,-2.0665283203125
"181",103.333333333333,46.6666666666667,0.888536155223846,0.85027289390564,-0.493717283010483,0.713829874992371
"182",106.666666666667,43.3333333333333,0.68771094083786,0.610643684864044,-0.234833404421806,0.0757914781570435
"183",113.333333333333,46.6666666666667,-0.954021036624908,0.770551562309265,-1.15865731239319,-0.621370673179626
"184",116.666666666667,43.3333333333333,-0.474378794431686,-0.603104054927826,-1.26810383796692,1.58212220668793
"185",123.333333333333,46.6666666666667,-0.201355189085007,0.632628321647644,-0.382768571376801,0.585445642471313
"186",126.666666666667,43.3333333333333,0.033097367733717,0.692757189273834,0.392596513032913,0.586573600769043
"187",133.333333333333,46.6666666666667,0.563274264335632,1.89458334445953,2.61935257911682,-0.676503479480743
"188",136.666666666667,43.3333333333333,-0.557142734527588,0.0951173156499863,1.18713796138763,-0.579965651035309
"189",143.333333333333,46.6666666666667,1.66680288314819,0.623380064964294,-0.387062013149261,-0.000837526808027178
"190",146.666666666667,43.3333333333333,1.24422860145569,0.808327853679657,0.24599352478981,-0.0451894551515579
"191",153.333333333333,46.6666666666667,0.373911291360855,0.297802925109863,-0.316392183303833,0.480025559663773
"192",156.666666666667,43.3333333333333,-0.376175880432129,0.786433398723602,-0.241984903812408,-0.951001822948456
"193",163.333333333333,46.6666666666667,-0.0868484377861023,1.64827740192413,-1.07077610492706,0.530841052532196
"194",166.666666666667,43.3333333333333,-0.442164063453674,-0.0423311330378056,-0.513368844985962,0.924848020076752
"195",173.333333333333,46.6666666666667,-0.0978668257594109,-2.49471783638,0.316396355628967,-0.485643237829208
"196",176.666666666667,43.3333333333333,0.503685235977173,-0.906650245189667,-0.646095812320709,1.05058109760284
"197",183.333333333333,46.6666666666667,-0.0214052107185125,-0.719304502010345,1.0471088886261,-0.483078122138977
"198",186.666666666667,43.3333333333333,-1.94862735271454,0.829755961894989,0.921438217163086,1.82103216648102
"199",193.333333333333,46.6666666666667,-0.288240224123001,1.87112951278687,-1.88992977142334,-0.868687033653259
"200",196.666666666667,43.3333333333333,0.787858664989471,0.764890432357788,1.04485774040222,-0.405178785324097
"201",3.33333333333333,56.6666666666667,-0.18758724629879,-0.160695791244507,-0.580942511558533,-0.173202604055405
"202",6.66666666666667,53.3333333333333,1.9648677110672,-0.0399312674999237,1.5079106092453,-1.03254377841949
"203",13.3333333333333,56.6666666666667,0.604606628417969,0.945398926734924,0.898401319980621,0.69927841424942
"204",16.6666666666667,53.3333333333333,-1.28498089313507,0.387720733880997,-1.61864364147186,1.23847210407257
"205",23.3333333333333,56.6666666666667,0.335707783699036,-0.34617155790329,1.6461181640625,-0.369477272033691
"206",26.6666666666667,53.3333333333333,-0.267295718193054,0.598590970039368,0.135239690542221,0.175078749656677
"207",33.3333333333333,56.6666666666667,-0.537045419216156,1.12417376041412,-0.939188539981842,-0.16867832839489
"208",36.6666666666667,53.3333333333333,1.1422872543335,0.115142606198788,0.975983083248138,-1.03775906562805
"209",43.3333333333333,56.6666666666667,-1.75272190570831,2.13639307022095,1.41934144496918,0.688752889633179
"210",46.6666666666667,53.3333333333333,-1.50908529758453,0.0848602578043938,-1.71288418769836,0.24223954975605
"211",53.3333333333333,56.6666666666667,-2.2036395072937,-1.2429062128067,-1.16974830627441,-0.795664846897125
"212",56.6666666666667,53.3333333333333,0.499619394540787,0.412286669015884,-1.82204377651215,-2.23425030708313
"213",63.3333333333333,56.6666666666667,1.13083684444427,0.366560578346252,0.297907590866089,-0.821334362030029
"214",66.6666666666667,53.3333333333333,-1.11708426475525,1.97387456893921,-1.54238188266754,-0.711096167564392
"215",73.3333333333333,56.6666666666667,-1.12289333343506,-0.276083648204803,-0.283162593841553,1.51276850700378
"216",76.6666666666667,53.3333333333333,0.686902344226837,1.51374244689941,-0.481554329395294,-0.174822524189949
"217",83.3333333333333,56.6666666666667,-0.503662526607513,-0.0502286851406097,0.490912199020386,0.72344046831131
"218",86.6666666666667,53.3333333333333,0.643219590187073,1.3718478679657,0.793254792690277,0.924151360988617
"219",93.3333333333333,56.6666666666667,-0.0894038155674934,0.685088217258453,0.257819622755051,-0.716279089450836
"220",96.6666666666667,53.3333333333333,-1.63736295700073,-1.78942608833313,1.32777428627014,0.563764035701752
"221",103.333333333333,56.6666666666667,3.0792772769928,-0.958008885383606,-0.197744503617287,0.189138188958168
"222",106.666666666667,53.3333333333333,2.20493149757385,0.5605748295784,-0.639028012752533,-1.67870271205902
"223",113.333333333333,56.6666666666667,-0.0364342145621777,0.253301322460175,0.893458008766174,-0.50010621547699
"224",116.666666666667,53.3333333333333,1.65610730648041,0.874026298522949,-0.316135317087173,-0.462032467126846
"225",123.333333333333,56.6666666666667,0.586301267147064,1.37507450580597,0.148973897099495,1.49357879161835
"226",126.666666666667,53.3333333333333,0.47643181681633,-0.278625845909119,0.636905372142792,1.34083473682404
"227",133.333333333333,56.6666666666667,0.654351711273193,1.52704131603241,-1.47030079364777,-1.16931998729706
"228",136.666666666667,53.3333333333333,0.234767705202103,-0.135776400566101,1.18140053749084,0.293700844049454
"229",143.333333333333,56.6666666666667,-0.0044054719619453,0.0708292201161385,-1.26685309410095,0.795800030231476
"230",146.666666666667,53.3333333333333,1.81885159015656,0.167194783687592,-1.40937685966492,-0.173691526055336
"231",153.333333333333,56.6666666666667,-1.77929639816284,-0.607323288917542,0.0356815457344055,0.538199543952942
"232",156.666666666667,53.3333333333333,0.725246131420135,0.589481770992279,-0.518768787384033,1.45704591274261
"233",163.333333333333,56.6666666666667,-0.945344209671021,1.95761144161224,-1.55153393745422,0.420111417770386
"234",166.666666666667,53.3333333333333,1.17491006851196,-1.00276803970337,0.350877523422241,-0.962853908538818
"235",173.333333333333,56.6666666666667,0.18543829023838,0.488943606615067,-0.202725440263748,-1.01805806159973
"236",176.666666666667,53.3333333333333,-0.0302549581974745,-0.45538666844368,2.38836526870728,-1.50916397571564
"237",183.333333333333,56.6666666666667,-0.463330209255219,-0.172554597258568,0.496878743171692,-0.0374566614627838
"238",186.666666666667,53.3333333333333,-0.930166721343994,-0.129672482609749,-1.94942045211792,-1.07983887195587
"239",193.333333333333,56.6666666666667,-1.35374045372009,-0.176620900630951,-0.616751432418823,0.0260926280170679
"240",196.666666666667,53.3333333333333,1.70780897140503,-1.23445105552673,0.579739153385162,-1.75535774230957
"241",3.33333333333333,66.6666666666667,1.02924740314484,1.04915452003479,1.53175258636475,-0.779394626617432
"242",6.66666666666667,63.3333333333333,-0.269958436489105,2.39829421043396,0.263391673564911,0.752617597579956
"243",13.3333333333333,66.6666666666667,-0.927590489387512,-0.258218228816986,-0.969958186149597,1.1912739276886
"244",16.6666666666667,63.3333333333333,0.231306463479996,-2.80346989631653,0.109500512480736,-0.703043401241302
"245",23.3333333333333,66.6666666666667,-0.929071247577667,0.356358498334885,-0.669656753540039,0.859053611755371
"246",26.6666666666667,63.3333333333333,-0.25685641169548,1.62899911403656,1.00543165206909,-2.0402672290802
"247",33.3333333333333,66.6666666666667,-0.178214401006699,-0.401067316532135,-0.315738409757614,1.11629176139832
"248",36.6666666666667,63.3333333333333,-0.699242115020752,-1.00062572956085,1.73620247840881,1.3147885799408
"249",43.3333333333333,66.6666666666667,0.483571290969849,-0.282066345214844,0.361674666404724,-0.934597015380859
"250",46.6666666666667,63.3333333333333,0.6074059009552,0.187569946050644,-0.300838261842728,1.05706548690796
"251",53.3333333333333,66.6666666666667,0.36759626865387,-0.518257141113281,-0.340587735176086,0.362409889698029
"252",56.6666666666667,63.3333333333333,-0.670103788375854,0.0507031679153442,-0.910638928413391,-0.696878433227539
"253",63.3333333333333,66.6666666666667,-0.248316809535027,-1.172283411026,-0.266694486141205,0.3360975086689
"254",66.6666666666667,63.3333333333333,0.717573702335358,0.572990715503693,-1.45146322250366,-0.0749799236655235
"255",73.3333333333333,66.6666666666667,0.472875952720642,0.490901857614517,-1.59324681758881,0.723393678665161
"256",76.6666666666667,63.3333333333333,-0.768517374992371,-1.31932687759399,1.38435113430023,0.405403017997742
"257",83.3333333333333,66.6666666666667,-0.511026799678802,-0.449176132678986,0.569663822650909,1.66171085834503
"258",86.6666666666667,63.3333333333333,-0.525081038475037,0.0829341635107994,-1.15181744098663,-0.00203697779215872
"259",93.3333333333333,66.6666666666667,-0.988737285137177,0.2230044901371,1.2598477602005,-1.38216495513916
"260",96.6666666666667,63.3333333333333,-0.424405485391617,1.27028334140778,-0.816679418087006,-0.702714562416077
"261",103.333333333333,66.6666666666667,0.464566618204117,0.404654771089554,1.37223613262177,-2.43195343017578
"262",106.666666666667,63.3333333333333,-0.56038761138916,-2.50616645812988,-1.13883674144745,0.217523947358131
"263",113.333333333333,66.6666666666667,-0.363452762365341,1.43694746494293,-2.21058940887451,-0.346741735935211
"264",116.666666666667,63.3333333333333,-2.06038331985474,-0.662305057048798,-0.416047483682632,-1.53806006908417
"265",123.333333333333,66.6666666666667,-0.356128722429276,-0.701703488826752,-0.457549870014191,0.540565669536591
"266",126.666666666667,63.3333333333333,0.342299431562424,0.757086157798767,-0.625997185707092,-1.09022963047028
"267",133.333333333333,66.6666666666667,-0.420599400997162,-0.605184674263,0.177075326442719,0.23186619579792
"268",136.666666666667,63.3333333333333,0.622962951660156,0.746406018733978,1.00484001636505,1.54648458957672
"269",143.333333333333,66.6666666666667,1.64686179161072,1.20348334312439,-2.01640748977661,0.135631710290909
"270",146.666666666667,63.3333333333333,0.0617028549313545,-0.6167311668396,-1.80987477302551,-0.345070332288742
"271",153.333333333333,66.6666666666667,-0.742272853851318,-0.191766530275345,-1.11117970943451,-0.404658883810043
"272",156.666666666667,63.3333333333333,0.168879464268684,-0.0342851653695107,0.250395745038986,-0.427297055721283
"273",163.333333333333,66.6666666666667,0.365836381912231,-0.627032399177551,-0.215100854635239,-0.051642369478941
"274",166.666666666667,63.3333333333333,-1.55554974079132,-0.627556145191193,1.47745597362518,-0.974499940872192
"275",173.333333333333,66.6666666666667,0.0865892022848129,1.20819914340973,-0.484701544046402,-1.54434359073639
"276",176.666666666667,63.3333333333333,-0.262876182794571,-0.905245304107666,-0.352666944265366,-1.65482091903687
"277",183.333333333333,66.6666666666667,1.08099472522736,-0.845868468284607,0.857196271419525,1.37448239326477
"278",186.666666666667,63.3333333333333,-0.151223361492157,0.79983377456665,0.442449361085892,-2.32501006126404
"279",193.333333333333,66.6666666666667,0.339922994375229,-1.28013134002686,-0.0142801785841584,-1.74106466770172
"280",196.666666666667,63.3333333333333,-0.65238481760025,0.0687892511487007,0.915928542613983,2.79830503463745
"281",3.33333333333333,76.6666666666667,-0.895686626434326,0.36692613363266,-0.0592737570405006,1.42959904670715
"282",6.66666666666667,73.3333333333333,0.842377126216888,0.468564450740814,1.99415123462677,-2.47600293159485
"283",13.3333333333333,76.6666666666667,-0.559228360652924,-0.0069754789583385,0.0419760830700397,0.221833109855652
"284",16.6666666666667,73.3333333333333,0.0975901409983635,-0.599544703960419,-1.65763318538666,0.0318370647728443
"285",23.3333333333333,76.6666666666667,1.09195232391357,-0.0651096552610397,-0.311181962490082,0.219673827290535
"286",26.6666666666667,73.3333333333333,0.574436485767365,-0.811739206314087,-0.612443923950195,-0.144740000367165
"287",33.3333333333333,76.6666666666667,0.113668732345104,-1.54562425613403,0.229609936475754,0.764851808547974
"288",36.6666666666667,73.3333333333333,-0.0563350282609463,-1.30976533889771,1.23617506027222,1.149662733078
"289",43.3333333333333,76.6666666666667,0.204239457845688,0.0921786725521088,0.725827991962433,0.334950804710388
"290",46.6666666666667,73.3333333333333,1.52786362171173,-0.249613061547279,-2.68507146835327,-0.927929580211639
"291",53.3333333333333,76.6666666666667,0.669535040855408,-0.303290158510208,0.352308928966522,0.330334067344666
"292",56.6666666666667,73.3333333333333,-1.24131917953491,1.04869890213013,-1.20179212093353,-1.41594970226288
"293",63.3333333333333,76.6666666666667,0.0622724890708923,1.14476323127747,-0.857659101486206,0.507343173027039
"294",66.6666666666667,73.3333333333333,0.292744904756546,0.152908563613892,1.14875960350037,-2.4875385761261
"295",73.3333333333333,76.6666666666667,-0.188706338405609,-0.742543637752533,-0.243858635425568,-0.819774329662323
"296",76.6666666666667,73.3333333333333,-2.02061104774475,-0.0579815655946732,1.71796131134033,0.152473166584969
"297",83.3333333333333,76.6666666666667,-0.0125817954540253,-0.252087503671646,-1.19511771202087,0.160454019904137
"298",86.6666666666667,73.3333333333333,0.926492691040039,0.736795604228973,-1.3291175365448,-0.922717750072479
"299",93.3333333333333,76.6666666666667,1.35964775085449,1.0519255399704,0.757049202919006,0.344169735908508
"300",96.6666666666667,73.3333333333333,0.908223569393158,1.00259268283844,-0.908883392810822,-1.85488629341125
"301",103.333333333333,76.6666666666667,0.726997673511505,-0.222142368555069,0.687636613845825,0.146116212010384
"302",106.666666666667,73.3333333333333,-1.13455712795258,0.296627849340439,-0.369886785745621,-0.0061623677611351
"303",113.333333333333,76.6666666666667,1.2152498960495,0.589592397212982,0.330602884292603,-0.17516240477562
"304",116.666666666667,73.3333333333333,-0.763128161430359,0.357528805732727,0.425166606903076,0.191974580287933
"305",123.333333333333,76.6666666666667,2.36695623397827,1.17612838745117,0.296166867017746,0.155856117606163
"306",126.666666666667,73.3333333333333,0.0374319143593311,-0.846970796585083,0.601026594638824,-0.918800830841064
"307",133.333333333333,76.6666666666667,0.399483621120453,1.09089684486389,0.104864627122879,-1.14516758918762
"308",136.666666666667,73.3333333333333,-0.362422108650208,-0.089548222720623,-0.584891974925995,0.515545248985291
"309",143.333333333333,76.6666666666667,-0.586829543113708,-1.06219637393951,0.225204721093178,0.127779453992844
"310",146.666666666667,73.3333333333333,-0.349768280982971,-0.170943826436996,0.572952926158905,-1.32698500156403
"311",153.333333333333,76.6666666666667,-1.94028604030609,-1.59015011787415,-0.0726241320371628,1.57496571540833
"312",156.666666666667,73.3333333333333,0.184119760990143,0.278111904859543,-0.938936412334442,-0.761334776878357
"313",163.333333333333,76.6666666666667,1.73224294185638,-0.74241441488266,-1.07122898101807,0.480692237615585
"314",166.666666666667,73.3333333333333,0.718718588352203,0.510862708091736,-1.50087380409241,0.289338648319244
"315",173.333333333333,76.6666666666667,-2.27030944824219,2.38629412651062,0.540028214454651,-0.444247931241989
"316",176.666666666667,73.3333333333333,0.520630240440369,-0.069489911198616,0.22662216424942,-0.0617943741381168
"317",183.333333333333,76.6666666666667,-0.189101189374924,1.51786029338837,-1.14511942863464,0.45139878988266
"318",186.666666666667,73.3333333333333,1.69903159141541,1.1957620382309,-0.560467422008514,-1.33859550952911
"319",193.333333333333,76.6666666666667,0.875310778617859,-0.438731878995895,-1.15952265262604,0.341019153594971
"320",196.666666666667,73.3333333333333,-1.79446232318878,0.202409520745277,-0.620592355728149,1.23314690589905
"321",3.33333333333333,86.6666666666667,-0.243094995617867,-0.242979317903519,0.487995684146881,-0.601729512214661
"322",6.66666666666667,83.3333333333333,1.47413098812103,0.793649792671204,1.37816405296326,-0.14050467312336
"323",13.3333333333333,86.6666666666667,-0.405483692884445,0.847791135311127,0.60538774728775,-0.624238014221191
"324",16.6666666666667,83.3333333333333,1.01187455654144,-1.49667465686798,0.0557923838496208,0.749339699745178
"325",23.3333333333333,86.6666666666667,0.122695244848728,0.299156099557877,-0.229908838868141,-1.83318245410919
"326",26.6666666666667,83.3333333333333,-0.654360234737396,-0.60531347990036,-1.01254916191101,0.192918494343758
"327",33.3333333333333,86.6666666666667,0.857842206954956,1.13433361053467,1.13618195056915,0.137491181492805
"328",36.6666666666667,83.3333333333333,-1.67025339603424,-1.1336555480957,0.930322527885437,0.240119501948357
"329",43.3333333333333,86.6666666666667,-0.324112504720688,0.0776715502142906,0.0537015050649643,1.53358912467957
"330",46.6666666666667,83.3333333333333,-1.30738711357117,-0.713767349720001,-0.828181207180023,-0.18752558529377
"331",53.3333333333333,86.6666666666667,-0.148146539926529,-0.717210352420807,2.13193511962891,0.945426404476166
"332",56.6666666666667,83.3333333333333,-1.54765748977661,-0.983060419559479,0.25752654671669,0.784631371498108
"333",63.3333333333333,86.6666666666667,0.720525026321411,-1.7536301612854,0.0605740286409855,0.16113692522049
"334",66.6666666666667,83.3333333333333,1.54397237300873,-1.55521833896637,-0.518738329410553,0.350526005029678
"335",73.3333333333333,86.6666666666667,-0.527818083763123,0.947793900966644,1.5490357875824,0.371719300746918
"336",76.6666666666667,83.3333333333333,-0.840588212013245,1.50098586082458,-0.980365693569183,-0.95639443397522
"337",83.3333333333333,86.6666666666667,1.16801679134369,0.244706198573112,-0.284901112318039,-0.535634517669678
"338",86.6666666666667,83.3333333333333,1.26810705661774,0.766061902046204,-1.037806391716,1.59562313556671
"339",93.3333333333333,86.6666666666667,1.68879151344299,0.215905234217644,2.48083209991455,0.646072089672089
"340",96.6666666666667,83.3333333333333,0.290653228759766,-2.05121469497681,0.800367653369904,-0.661582887172699
"341",103.333333333333,86.6666666666667,-0.387088030576706,0.929372429847717,-0.522234439849854,-1.1517961025238
"342",106.666666666667,83.3333333333333,-0.680301427841187,1.78327190876007,0.1317068785429,0.706701219081879
"343",113.333333333333,86.6666666666667,-0.17722262442112,1.73319947719574,-0.884558916091919,-0.673909783363342
"344",116.666666666667,83.3333333333333,0.720156788825989,0.441845536231995,1.138911485672,2.44865441322327
"345",123.333333333333,86.6666666666667,0.71811842918396,-0.769795179367065,0.761104345321655,-0.707339465618134
"346",126.666666666667,83.3333333333333,-0.747420489788055,-0.759011507034302,-0.00362090719863772,-0.478868156671524
"347",133.333333333333,86.6666666666667,0.628771483898163,-0.196843639016151,-2.75788140296936,-1.46616089344025
"348",136.666666666667,83.3333333333333,-0.992087781429291,1.65351629257202,0.973284661769867,-0.301214158535004
"349",143.333333333333,86.6666666666667,-0.025281123816967,0.503617942333221,-1.96538841724396,-2.11280822753906
"350",146.666666666667,83.3333333333333,-0.851450145244598,1.14748907089233,0.171160757541656,1.05037474632263
"351",153.333333333333,86.6666666666667,1.89699804782867,-0.637697517871857,-1.52175331115723,1.01130330562592
"352",156.666666666667,83.3333333333333,0.0732389688491821,-0.773302137851715,0.886728048324585,-1.30962753295898
"353",163.333333333333,86.6666666666667,-0.857841491699219,-0.101665407419205,-0.644789934158325,0.266356587409973
"354",166.666666666667,83.3333333333333,1.25440800189972,-0.426063239574432,-2.14941811561584,0.246262565255165
"355",173.333333333333,86.6666666666667,-0.711661458015442,0.943502426147461,-1.53942561149597,0.176462784409523
"356",176.666666666667,83.3333333333333,-0.22090283036232,-0.559843003749847,0.514405131340027,0.19165101647377
"357",183.333333333333,86.6666666666667,-0.814121842384338,-0.277966976165771,0.965258061885834,0.975071489810944
"358",186.666666666667,83.3333333333333,-0.689139127731323,-1.06535756587982,1.05925416946411,-1.18479514122009
"359",193.333333333333,86.6666666666667,-1.29635035991669,-1.61712288856506,-0.617875337600708,1.82131898403168
"360",196.666666666667,83.3333333333333,0.499398082494736,0.296113848686218,-0.0458331182599068,-0.423424690961838
"361",3.33333333333333,96.6666666666667,0.669390678405762,-0.333036243915558,-1.03954184055328,3.05385160446167
"362",6.66666666666667,93.3333333333333,-0.466198235750198,-0.365605086088181,-0.421673625707626,-0.931464910507202
"363",13.3333333333333,96.6666666666667,0.930564761161804,-1.49348056316376,0.657266855239868,-1.26507222652435
"364",16.6666666666667,93.3333333333333,-0.169601142406464,0.256954461336136,0.654505133628845,0.476025968790054
"365",23.3333333333333,96.6666666666667,-1.91162657737732,1.32746815681458,1.43195044994354,-0.771883904933929
"366",26.6666666666667,93.3333333333333,0.174697309732437,-0.518284678459167,-0.394629746675491,-0.148331880569458
"367",33.3333333333333,96.6666666666667,0.43681475520134,1.83195006847382,0.372449904680252,0.0467550754547119
"368",36.6666666666667,93.3333333333333,0.546386420726776,-0.400467604398727,-0.68625146150589,0.315738022327423
"369",43.3333333333333,96.6666666666667,0.400483578443527,0.0505702942609787,0.421805590391159,0.191791981458664
"370",46.6666666666667,93.3333333333333,1.06705760955811,-0.646198391914368,0.262052685022354,-0.028670072555542
"371",53.3333333333333,96.6666666666667,-0.876980185508728,0.205680623650551,-0.656904220581055,1.62975919246674
"372",56.6666666666667,93.3333333333333,0.121369697153568,0.364484429359436,-1.94892299175262,-0.113652281463146
"373",63.3333333333333,96.6666666666667,-0.0434351451694965,1.16389918327332,1.57105767726898,1.35209739208221
"374",66.6666666666667,93.3333333333333,0.0521605685353279,-0.209086805582047,0.476383745670319,-0.420072168111801
"375",73.3333333333333,96.6666666666667,-0.240074962377548,1.51723539829254,-0.662160873413086,-1.78561770915985
"376",76.6666666666667,93.3333333333333,1.25643289089203,0.119816854596138,-1.01102817058563,-0.150883913040161
"377",83.3333333333333,96.6666666666667,-0.623219609260559,-0.706798076629639,0.378488063812256,0.601685225963593
"378",86.6666666666667,93.3333333333333,0.193014055490494,0.78732305765152,1.54912996292114,-0.826956927776337
"379",93.3333333333333,96.6666666666667,-0.560030102729797,-0.87768280506134,1.50694596767426,0.386599570512772
"380",96.6666666666667,93.3333333333333,-2.13689947128296,1.15453481674194,-0.47481968998909,-2.11255812644958
"381",103.333333333333,96.6666666666667,-0.426357239484787,-0.795638263225555,-0.991814494132996,0.488918483257294
"382",106.666666666667,93.3333333333333,-0.469994306564331,1.77434432506561,1.02468323707581,0.752279281616211
"383",113.333333333333,96.6666666666667,-0.761366248130798,1.14933598041534,-1.44864559173584,1.61091208457947
"384",116.666666666667,93.3333333333333,0.583746135234833,1.09628534317017,0.794190049171448,0.594789385795593
"385",123.333333333333,96.6666666666667,-0.620385229587555,1.32177662849426,0.220063626766205,-1.42751586437225
"386",126.666666666667,93.3333333333333,-0.703488051891327,0.069532185792923,0.165068775415421,0.609002709388733
"387",133.333333333333,96.6666666666667,-0.405555009841919,-0.460855633020401,0.495088517665863,0.300039350986481
"388",136.666666666667,93.3333333333333,0.69706916809082,2.25669836997986,1.40204501152039,-0.541983425617218
"389",143.333333333333,96.6666666666667,-1.00815117359161,-0.648411452770233,1.32557904720306,-1.24510073661804
"390",146.666666666667,93.3333333333333,-0.0748339220881462,-1.52987098693848,0.149985760450363,0.62765234708786
"391",153.333333333333,96.6666666666667,-1.08359122276306,-1.05164802074432,1.0982654094696,-0.507420599460602
"392",156.666666666667,93.3333333333333,-1.23167634010315,1.98576056957245,-3.8587691783905,0.400786936283112
"393",163.333333333333,96.6666666666667,-2.30618381500244,0.288212031126022,0.588556468486786,-0.75041401386261
"394",166.666666666667,93.3333333333333,3.37886238098145,-1.72533619403839,-0.154776155948639,0.267009228467941
"395",173.333333333333,96.6666666666667,-0.803856492042542,-1.5204336643219,-0.839418232440948,-0.215982839465141
"396",176.666666666667,93.3333333333333,-1.08837926387787,-0.60772442817688,0.717667281627655,-1.94098031520844
"397",183.333333333333,96.6666666666667,0.0839381441473961,2.03809905052185,-0.426098316907883,0.274788588285446
"398",186.666666666667,93.3333333333333,1.36773014068604,-1.63478827476501,-1.03898894786835,1.08952450752258
"399",193.333333333333,96.6666666666667,-0.468689858913422,1.21452784538269,-1.56484544277191,0.663363516330719
"400",196.666666666667,93.3333333333333,0.0965269580483437,1.28729391098022,-0.576809942722321,0.582308351993561
