"","x","y","sim1","sim2","sim3","sim4"
"1",3.33333333333333,6.66666666666667,0.183514446020126,-2.25225639343262,3.56269478797913,-1.16305029392242
"2",6.66666666666667,3.33333333333333,0.373339205980301,-0.852575540542603,1.95750319957733,-1.3568286895752
"3",13.3333333333333,6.66666666666667,1.14314615726471,-1.91142976284027,1.80273699760437,0.00271186069585383
"4",16.6666666666667,3.33333333333333,1.3007105588913,-1.90745079517365,0.815196335315704,-0.65216201543808
"5",23.3333333333333,6.66666666666667,1.76418149471283,-1.04881823062897,0.298968493938446,-0.310183227062225
"6",26.6666666666667,3.33333333333333,0.89470249414444,-0.791969239711761,0.543246448040009,-0.558908224105835
"7",33.3333333333333,6.66666666666667,-0.382765144109726,-0.919392943382263,0.00162257556803524,-0.21041402220726
"8",36.6666666666667,3.33333333333333,-0.684964835643768,0.0621179603040218,-0.176886439323425,0.942274749279022
"9",43.3333333333333,6.66666666666667,-0.674747884273529,1.16301226615906,-0.677235305309296,0.84187650680542
"10",46.6666666666667,3.33333333333333,-0.35403972864151,0.673842489719391,-0.450644224882126,1.33895361423492
"11",53.3333333333333,6.66666666666667,0.176573321223259,-1.23970341682434,-0.256419330835342,1.15378642082214
"12",56.6666666666667,3.33333333333333,0.656133890151978,-1.09120631217957,-0.0215265303850174,1.1742879152298
"13",63.3333333333333,6.66666666666667,0.315115958452225,-0.38261005282402,-0.0674850568175316,-0.261284679174423
"14",66.6666666666667,3.33333333333333,-0.809127151966095,1.34810018539429,-0.380895733833313,-0.551126062870026
"15",73.3333333333333,6.66666666666667,-0.0388754904270172,0.315683394670486,0.602639675140381,-0.606778502464294
"16",76.6666666666667,3.33333333333333,-0.224736511707306,0.251302927732468,0.66645085811615,-0.4128557741642
"17",83.3333333333333,6.66666666666667,1.08160221576691,0.140432685613632,1.4890923500061,-0.750646591186523
"18",86.6666666666667,3.33333333333333,1.31731224060059,-0.870527803897858,0.973101675510406,-0.4188032746315
"19",93.3333333333333,6.66666666666667,1.31471025943756,0.411805301904678,0.908793330192566,0.486899137496948
"20",96.6666666666667,3.33333333333333,1.10918235778809,1.0961446762085,1.2927622795105,1.89514100551605
"21",103.333333333333,6.66666666666667,2.09690976142883,1.40517818927765,0.966841459274292,1.06218731403351
"22",106.666666666667,3.33333333333333,1.59599792957306,0.814646899700165,0.563586950302124,1.18826711177826
"23",113.333333333333,6.66666666666667,-0.504717111587524,1.65266418457031,0.325801998376846,1.20555031299591
"24",116.666666666667,3.33333333333333,0.823905169963837,1.62820148468018,0.270100504159927,0.138483658432961
"25",123.333333333333,6.66666666666667,-1.08463215827942,0.560390710830688,0.400601923465729,0.976815521717072
"26",126.666666666667,3.33333333333333,-0.420189678668976,-0.554353177547455,-0.133366480469704,1.29561901092529
"27",133.333333333333,6.66666666666667,-1.03433310985565,0.981501817703247,-0.0514324158430099,-0.187281847000122
"28",136.666666666667,3.33333333333333,-0.491206586360931,1.36317825317383,-0.677706062793732,0.0723504051566124
"29",143.333333333333,6.66666666666667,0.580195486545563,0.0641666427254677,-0.0625812187790871,0.136603116989136
"30",146.666666666667,3.33333333333333,-0.0673245415091515,-0.130703240633011,0.112488687038422,0.686547756195068
"31",153.333333333333,6.66666666666667,-0.508744955062866,0.359217971563339,-0.0249176174402237,0.988769829273224
"32",156.666666666667,3.33333333333333,-0.0852235034108162,-0.245531231164932,-0.717448711395264,0.51335084438324
"33",163.333333333333,6.66666666666667,-0.0834838896989822,-0.999921858310699,-1.26698052883148,0.990677654743195
"34",166.666666666667,3.33333333333333,0.434505760669708,-1.21793270111084,-0.413457810878754,-0.634972870349884
"35",173.333333333333,6.66666666666667,0.594579339027405,-0.413721829652786,-0.772172212600708,-0.550108671188354
"36",176.666666666667,3.33333333333333,0.274533420801163,0.00768992304801941,-1.20016932487488,-0.896830677986145
"37",183.333333333333,6.66666666666667,-0.133271470665932,-0.540110290050507,-1.62580192089081,-1.01134407520294
"38",186.666666666667,3.33333333333333,-0.178446993231773,0.598765850067139,-1.54741859436035,-1.16800379753113
"39",193.333333333333,6.66666666666667,0.255729973316193,0.140593200922012,-0.307224422693253,0.248688340187073
"40",196.666666666667,3.33333333333333,1.65928721427917,0.211398124694824,-1.37335908412933,-0.573049068450928
"41",3.33333333333333,16.6666666666667,-0.212722912430763,-1.04084420204163,1.421719789505,-1.69148194789886
"42",6.66666666666667,13.3333333333333,-0.427112847566605,-1.43095397949219,1.31975901126862,-0.384038120508194
"43",13.3333333333333,16.6666666666667,-0.553702235221863,-0.663350343704224,1.43457555770874,-0.255339682102203
"44",16.6666666666667,13.3333333333333,-0.58718866109848,-0.429341524839401,1.36166191101074,-0.0231389701366425
"45",23.3333333333333,16.6666666666667,0.196106940507889,0.84343147277832,0.35557821393013,-0.89566433429718
"46",26.6666666666667,13.3333333333333,0.829388856887817,0.502801895141602,1.40305602550507,-0.923417866230011
"47",33.3333333333333,16.6666666666667,-0.167812824249268,1.42787551879883,0.586718201637268,-1.60367858409882
"48",36.6666666666667,13.3333333333333,-0.242631912231445,0.673888623714447,1.16820311546326,-1.63870680332184
"49",43.3333333333333,16.6666666666667,0.397696971893311,-0.422841161489487,0.490652084350586,-1.02388679981232
"50",46.6666666666667,13.3333333333333,-0.185833483934402,0.477757185697556,0.345282375812531,-0.0679794102907181
"51",53.3333333333333,16.6666666666667,-0.628875553607941,-0.235265284776688,0.0510541908442974,-0.433265775442123
"52",56.6666666666667,13.3333333333333,1.01937568187714,1.49883139133453,-0.440672069787979,-0.00381147232837975
"53",63.3333333333333,16.6666666666667,0.0872267410159111,1.32092750072479,0.133624017238617,-0.71870231628418
"54",66.6666666666667,13.3333333333333,-0.672354757785797,0.280703842639923,0.164429903030396,-1.70048010349274
"55",73.3333333333333,16.6666666666667,1.25276362895966,-1.44106638431549,1.34212577342987,-1.05075335502625
"56",76.6666666666667,13.3333333333333,0.903337061405182,-1.03076469898224,2.16241979598999,-0.966627299785614
"57",83.3333333333333,16.6666666666667,1.91437637805939,0.0698836147785187,2.02378249168396,-0.56238728761673
"58",86.6666666666667,13.3333333333333,2.1461718082428,1.0640515089035,2.86485767364502,-1.00963544845581
"59",93.3333333333333,16.6666666666667,2.12736392021179,0.440423130989075,1.41576325893402,-1.3765823841095
"60",96.6666666666667,13.3333333333333,2.27664256095886,-0.962059736251831,1.20866572856903,-0.873503983020782
"61",103.333333333333,16.6666666666667,1.65116667747498,0.364954233169556,1.13461637496948,-0.0521995797753334
"62",106.666666666667,13.3333333333333,1.61226665973663,0.621640026569366,1.09258043766022,0.84644490480423
"63",113.333333333333,16.6666666666667,1.2017639875412,0.848127603530884,-0.585732519626617,0.0587819665670395
"64",116.666666666667,13.3333333333333,1.16835379600525,0.543774604797363,1.25310587882996,0.800119876861572
"65",123.333333333333,16.6666666666667,-0.982886552810669,0.306026726961136,0.746376156806946,-0.552593231201172
"66",126.666666666667,13.3333333333333,0.0315981470048428,-0.451254576444626,-0.391499042510986,0.295642912387848
"67",133.333333333333,16.6666666666667,-0.179064512252808,0.708494544029236,-1.07683444023132,-1.48840689659119
"68",136.666666666667,13.3333333333333,-0.118163786828518,0.308954119682312,-0.597840249538422,-0.761663556098938
"69",143.333333333333,16.6666666666667,-0.392744362354279,0.312187701463699,-0.295667320489883,-0.927502512931824
"70",146.666666666667,13.3333333333333,-0.488389372825623,0.112826652824879,0.441781610250473,-1.26734530925751
"71",153.333333333333,16.6666666666667,-1.19817960262299,-0.973812222480774,0.786036312580109,0.0767569318413734
"72",156.666666666667,13.3333333333333,-0.00603427272289991,-0.255846202373505,0.45563530921936,0.364095002412796
"73",163.333333333333,16.6666666666667,0.532893180847168,0.135520681738853,0.559613525867462,-0.0438708402216434
"74",166.666666666667,13.3333333333333,0.854737341403961,-0.402966052293777,0.698153853416443,-0.170951157808304
"75",173.333333333333,16.6666666666667,1.97052836418152,-1.15585041046143,-0.518240332603455,0.702036559581757
"76",176.666666666667,13.3333333333333,1.83085823059082,-2.07424926757812,-0.294130235910416,0.137110844254494
"77",183.333333333333,16.6666666666667,0.227131471037865,-1.27966403961182,-0.355434328317642,1.80782604217529
"78",186.666666666667,13.3333333333333,0.0223968587815762,-1.05405259132385,-1.60700941085815,0.684570789337158
"79",193.333333333333,16.6666666666667,-1.08897936344147,1.10747146606445,-0.785706222057343,1.02455341815948
"80",196.666666666667,13.3333333333333,-0.72321230173111,1.24602842330933,-0.000216941421967931,0.816016793251038
"81",3.33333333333333,26.6666666666667,-0.596757709980011,-0.969262003898621,0.660289525985718,-3.39560866355896
"82",6.66666666666667,23.3333333333333,-0.387780338525772,-1.47725856304169,0.38479670882225,-2.40180730819702
"83",13.3333333333333,26.6666666666667,-0.640519678592682,-0.748501181602478,0.533707976341248,-2.36610388755798
"84",16.6666666666667,23.3333333333333,0.394821465015411,-0.403157621622086,0.906241297721863,-0.998996734619141
"85",23.3333333333333,26.6666666666667,-0.338054090738297,-0.419568568468094,1.18596208095551,-1.8200010061264
"86",26.6666666666667,23.3333333333333,-0.116272076964378,-0.125054731965065,-0.322599291801453,-1.24811124801636
"87",33.3333333333333,26.6666666666667,-0.738954782485962,0.48359140753746,0.105446480214596,-0.339102178812027
"88",36.6666666666667,23.3333333333333,-0.19412025809288,0.492251604795456,-0.203248858451843,-1.79680049419403
"89",43.3333333333333,26.6666666666667,-0.210022941231728,0.192295402288437,0.265991300344467,-0.230069175362587
"90",46.6666666666667,23.3333333333333,-0.58565628528595,0.139823168516159,-0.252431243658066,-0.331252187490463
"91",53.3333333333333,26.6666666666667,-0.659220933914185,-0.279815226793289,0.905158817768097,-0.472139209508896
"92",56.6666666666667,23.3333333333333,-0.481008142232895,-0.424258649349213,-0.326050907373428,-1.00221002101898
"93",63.3333333333333,26.6666666666667,-0.980186522006989,-0.946681439876556,0.906609237194061,-0.556738078594208
"94",66.6666666666667,23.3333333333333,0.788135766983032,-1.08744084835052,0.895936250686646,0.343541949987411
"95",73.3333333333333,26.6666666666667,0.135089308023453,-1.69277238845825,1.26215660572052,0.0932036116719246
"96",76.6666666666667,23.3333333333333,0.815743982791901,-0.617706596851349,1.34728980064392,-0.743138372898102
"97",83.3333333333333,26.6666666666667,1.29400813579559,-0.639975190162659,2.32483577728271,-1.41497993469238
"98",86.6666666666667,23.3333333333333,2.39092469215393,-0.0499512702226639,2.20711541175842,-1.53206813335419
"99",93.3333333333333,26.6666666666667,2.22045588493347,0.021510349586606,2.46553468704224,-1.20820069313049
"100",96.6666666666667,23.3333333333333,2.3713903427124,-0.197618201375008,0.782082796096802,-0.816534221172333
"101",103.333333333333,26.6666666666667,1.73099637031555,-0.279409557580948,1.83965063095093,-0.543320417404175
"102",106.666666666667,23.3333333333333,1.56158661842346,0.233214691281319,1.00439357757568,-0.773046135902405
"103",113.333333333333,26.6666666666667,-0.244826257228851,-0.0238173212856054,1.45428800582886,-0.520704567432404
"104",116.666666666667,23.3333333333333,-0.370406270027161,-1.45991146564484,0.308326452970505,0.0204666834324598
"105",123.333333333333,26.6666666666667,-0.235524818301201,-1.3883752822876,0.92926287651062,0.199068486690521
"106",126.666666666667,23.3333333333333,-1.30686211585999,-1.39748275279999,-0.122453734278679,-0.563409805297852
"107",133.333333333333,26.6666666666667,-0.568465113639832,-0.20542123913765,0.546163558959961,-0.630948185920715
"108",136.666666666667,23.3333333333333,-1.99042999744415,-0.82704108953476,-1.71447002887726,0.16358083486557
"109",143.333333333333,26.6666666666667,-1.71243035793304,-0.23082409799099,-0.493172466754913,-0.725470423698425
"110",146.666666666667,23.3333333333333,-0.985636234283447,-0.142194956541061,0.526948750019073,-1.18329524993896
"111",153.333333333333,26.6666666666667,0.89714640378952,-0.727099061012268,-0.609243810176849,-0.458852708339691
"112",156.666666666667,23.3333333333333,1.41961944103241,-1.75140380859375,-0.978650152683258,-0.261399239301682
"113",163.333333333333,26.6666666666667,1.32602667808533,-1.72161948680878,-0.417497724294662,-0.0564873367547989
"114",166.666666666667,23.3333333333333,1.10380065441132,-1.05391108989716,-0.979202926158905,-0.33357846736908
"115",173.333333333333,26.6666666666667,1.24495315551758,-1.23812890052795,-1.14200329780579,0.270244479179382
"116",176.666666666667,23.3333333333333,1.010533452034,-1.15778517723083,-1.11934804916382,0.416141360998154
"117",183.333333333333,26.6666666666667,-0.439661204814911,-0.825390636920929,-0.982383012771606,0.437870711088181
"118",186.666666666667,23.3333333333333,-1.30319631099701,-0.420303136110306,-1.36230337619781,2.17166924476624
"119",193.333333333333,26.6666666666667,0.166450724005699,0.57871013879776,-1.07591819763184,0.289469748735428
"120",196.666666666667,23.3333333333333,-1.10366451740265,0.928763747215271,-0.757764101028442,0.295244783163071
"121",3.33333333333333,36.6666666666667,-0.0700249448418617,-0.748319745063782,-0.199473276734352,-1.60921227931976
"122",6.66666666666667,33.3333333333333,-0.436976611614227,-1.1237485408783,0.209920421242714,-1.41853880882263
"123",13.3333333333333,36.6666666666667,0.408381044864655,-1.87174820899963,-0.527166068553925,-2.00394463539124
"124",16.6666666666667,33.3333333333333,-0.288562566041946,-1.82503807544708,0.0746841803193092,-1.91181802749634
"125",23.3333333333333,36.6666666666667,-0.446922570466995,-1.5783509016037,1.45580959320068,0.10261993855238
"126",26.6666666666667,33.3333333333333,-1.04773890972137,-0.737750709056854,2.08492565155029,-0.649438977241516
"127",33.3333333333333,36.6666666666667,-0.561452627182007,-0.840298593044281,1.19692409038544,0.131903126835823
"128",36.6666666666667,33.3333333333333,-1.43058359622955,-0.375883489847183,0.952521681785583,-0.112517401576042
"129",43.3333333333333,36.6666666666667,-0.353384584188461,0.0759847313165665,0.79834645986557,-1.38194501399994
"130",46.6666666666667,33.3333333333333,-0.429428905248642,-0.357971340417862,1.52267563343048,-1.15356302261353
"131",53.3333333333333,36.6666666666667,-0.699583292007446,-1.97273969650269,1.04006433486938,-1.5323281288147
"132",56.6666666666667,33.3333333333333,-0.496133178472519,-1.16805005073547,-0.881381750106812,-1.57990396022797
"133",63.3333333333333,36.6666666666667,-0.00862722843885422,-1.65766716003418,0.472840994596481,-1.13729274272919
"134",66.6666666666667,33.3333333333333,-1.0573011636734,-2.54159164428711,-0.261635035276413,-0.807014584541321
"135",73.3333333333333,36.6666666666667,-0.405897229909897,-3.08945035934448,0.378853529691696,0.239321947097778
"136",76.6666666666667,33.3333333333333,0.462277263402939,-1.99413645267487,1.3774790763855,0.190308064222336
"137",83.3333333333333,36.6666666666667,1.02161824703217,-0.0728248357772827,1.78259658813477,-1.38910007476807
"138",86.6666666666667,33.3333333333333,0.720680117607117,-0.401032775640488,3.01401114463806,-0.753708720207214
"139",93.3333333333333,36.6666666666667,1.84961438179016,0.222023487091064,3.5962700843811,-1.89834856987
"140",96.6666666666667,33.3333333333333,1.86520731449127,-0.732220411300659,3.44201135635376,-1.21669840812683
"141",103.333333333333,36.6666666666667,1.45812892913818,0.518452048301697,1.66503202915192,-0.596513152122498
"142",106.666666666667,33.3333333333333,0.942291736602783,-0.379614144563675,2.06158971786499,-0.603770196437836
"143",113.333333333333,36.6666666666667,1.19686043262482,0.570292592048645,0.448109000921249,-0.146993964910507
"144",116.666666666667,33.3333333333333,-0.818338215351105,-1.61469149589539,0.673732757568359,1.03748869895935
"145",123.333333333333,36.6666666666667,0.756034195423126,0.374943912029266,0.542436301708221,0.432155013084412
"146",126.666666666667,33.3333333333333,0.27889296412468,-1.1058589220047,1.43069672584534,-0.318137586116791
"147",133.333333333333,36.6666666666667,0.920625507831573,-1.04188942909241,0.714247465133667,0.344503223896027
"148",136.666666666667,33.3333333333333,0.120123706758022,-1.03482270240784,0.138664290308952,-0.208691522479057
"149",143.333333333333,36.6666666666667,2.66387534141541,-0.944145679473877,-0.24377329647541,-0.253379851579666
"150",146.666666666667,33.3333333333333,1.29061365127563,-1.09660267829895,0.443894118070602,-0.575560033321381
"151",153.333333333333,36.6666666666667,1.23167860507965,-0.0464962087571621,1.53938162326813,-0.877083420753479
"152",156.666666666667,33.3333333333333,1.56931030750275,-1.80462598800659,0.920706927776337,-1.21971499919891
"153",163.333333333333,36.6666666666667,1.28827774524689,-0.454186797142029,1.74896812438965,-2.27019023895264
"154",166.666666666667,33.3333333333333,1.40267419815063,-1.03540098667145,1.2501106262207,-1.9202789068222
"155",173.333333333333,36.6666666666667,0.730894684791565,-1.29556918144226,1.46399283409119,0.167293220758438
"156",176.666666666667,33.3333333333333,0.501851856708527,-1.60694754123688,1.4355583190918,0.868391096591949
"157",183.333333333333,36.6666666666667,-0.333838194608688,-1.2671537399292,0.347540199756622,-0.381649821996689
"158",186.666666666667,33.3333333333333,0.638325870037079,-1.96078360080719,-0.818519532680511,0.865244030952454
"159",193.333333333333,36.6666666666667,0.707140147686005,-0.279600620269775,-0.628058135509491,0.694672584533691
"160",196.666666666667,33.3333333333333,0.687065541744232,-0.830533027648926,-1.14519953727722,0.399551242589951
"161",3.33333333333333,46.6666666666667,-0.757753014564514,0.117608420550823,-0.647590637207031,-0.873156905174255
"162",6.66666666666667,43.3333333333333,-1.02610611915588,0.0355902276933193,0.18925204873085,-0.537574231624603
"163",13.3333333333333,46.6666666666667,-1.25194585323334,-1.62445437908173,-0.189983382821083,-0.213472247123718
"164",16.6666666666667,43.3333333333333,-0.953986346721649,-1.40253257751465,0.854403793811798,-1.51926279067993
"165",23.3333333333333,46.6666666666667,0.498057335615158,-1.47745633125305,0.473941415548325,0.993771195411682
"166",26.6666666666667,43.3333333333333,0.126362577080727,-1.75968515872955,1.39895284175873,-0.506939888000488
"167",33.3333333333333,46.6666666666667,0.200322106480598,-0.972282648086548,-0.13869471848011,-0.423349320888519
"168",36.6666666666667,43.3333333333333,-0.0833719000220299,-0.936673820018768,-0.401401430368423,-0.876629829406738
"169",43.3333333333333,46.6666666666667,0.101288862526417,-0.550494730472565,0.363787114620209,-1.42820954322815
"170",46.6666666666667,43.3333333333333,-1.26340663433075,-1.36565220355988,0.699449360370636,-1.56937599182129
"171",53.3333333333333,46.6666666666667,-1.41110932826996,-0.591156542301178,0.955586791038513,-0.777178406715393
"172",56.6666666666667,43.3333333333333,0.12456052005291,-0.448519289493561,0.474190890789032,-0.953783392906189
"173",63.3333333333333,46.6666666666667,-0.542307496070862,0.135893791913986,1.01259195804596,-0.52542781829834
"174",66.6666666666667,43.3333333333333,-1.11163818836212,-1.56350803375244,0.40632489323616,-1.12544226646423
"175",73.3333333333333,46.6666666666667,0.380744099617004,-1.065558552742,2.04706144332886,-0.504818379878998
"176",76.6666666666667,43.3333333333333,-0.417623966932297,-1.69977402687073,0.676115989685059,-0.92040079832077
"177",83.3333333333333,46.6666666666667,1.80467903614044,-0.665797293186188,0.990645170211792,-1.51808226108551
"178",86.6666666666667,43.3333333333333,1.20849788188934,-0.113743811845779,1.82480120658875,-2.17855381965637
"179",93.3333333333333,46.6666666666667,1.40438187122345,-0.133535772562027,1.8378199338913,-2.17803239822388
"180",96.6666666666667,43.3333333333333,1.86506032943726,1.03267109394073,2.67659640312195,-1.56512987613678
"181",103.333333333333,46.6666666666667,1.09138786792755,0.51796966791153,1.23330175876617,-0.803639054298401
"182",106.666666666667,43.3333333333333,1.18457984924316,0.760825574398041,1.4032496213913,-1.61641526222229
"183",113.333333333333,46.6666666666667,-1.64393639564514,0.73639440536499,-0.123287260532379,-0.402405053377151
"184",116.666666666667,43.3333333333333,-0.438025116920471,-0.565524816513062,-0.137968227267265,-0.288202553987503
"185",123.333333333333,46.6666666666667,0.980374097824097,-0.0724409595131874,-0.178572684526443,0.495253473520279
"186",126.666666666667,43.3333333333333,1.07260608673096,0.402073383331299,0.536919355392456,0.576757609844208
"187",133.333333333333,46.6666666666667,1.85351824760437,-1.34220683574677,-0.511172711849213,-0.14473383128643
"188",136.666666666667,43.3333333333333,1.64688444137573,-0.446837157011032,0.148394361138344,-0.366873323917389
"189",143.333333333333,46.6666666666667,0.680705964565277,-0.424629718065262,0.219688430428505,0.440691918134689
"190",146.666666666667,43.3333333333333,0.778664886951447,-0.763577401638031,0.714526057243347,-0.784816741943359
"191",153.333333333333,46.6666666666667,0.0793322399258614,-0.610937535762787,1.91293799877167,-1.12459778785706
"192",156.666666666667,43.3333333333333,0.382466703653336,0.777384996414185,0.925059139728546,-2.14747214317322
"193",163.333333333333,46.6666666666667,-0.59496021270752,0.126394420862198,2.11593103408813,-2.00194501876831
"194",166.666666666667,43.3333333333333,-0.106518819928169,-0.521456360816956,1.92742705345154,-2.04883456230164
"195",173.333333333333,46.6666666666667,0.308598071336746,0.29206570982933,2.97574472427368,-0.297576636075974
"196",176.666666666667,43.3333333333333,0.329114496707916,-1.4611291885376,2.63496661186218,-1.1452260017395
"197",183.333333333333,46.6666666666667,-1.62387752532959,-0.118063755333424,1.43176114559174,-0.954717814922333
"198",186.666666666667,43.3333333333333,-0.537215709686279,0.0794831663370132,0.186133921146393,-1.10254061222076
"199",193.333333333333,46.6666666666667,0.246005520224571,-0.111593723297119,-2.51271939277649,-1.07750713825226
"200",196.666666666667,43.3333333333333,1.62308776378632,-0.318677723407745,-1.25299739837646,-0.638132035732269
"201",3.33333333333333,56.6666666666667,0.227525040507317,-0.808780550956726,-1.06164574623108,-0.970300793647766
"202",6.66666666666667,53.3333333333333,-0.096755713224411,-0.104597799479961,-1.20780551433563,-0.583661437034607
"203",13.3333333333333,56.6666666666667,0.706283390522003,-1.02416682243347,-0.276078671216965,-0.0240785423666239
"204",16.6666666666667,53.3333333333333,0.920015692710876,-1.65357887744904,-0.443528681993484,0.612164974212646
"205",23.3333333333333,56.6666666666667,1.29907464981079,-1.22694861888885,-0.597088813781738,0.232194885611534
"206",26.6666666666667,53.3333333333333,1.28172385692596,-2.15300464630127,-0.0507711954414845,-0.888276696205139
"207",33.3333333333333,56.6666666666667,0.0141762336716056,-0.642477214336395,-0.972515165805817,-0.065927155315876
"208",36.6666666666667,53.3333333333333,-0.387663215398788,-1.23126304149628,-0.481384634971619,-1.21807146072388
"209",43.3333333333333,56.6666666666667,-1.09577000141144,-2.92450451850891,-0.0228805225342512,-0.946987509727478
"210",46.6666666666667,53.3333333333333,-0.745977103710175,-2.51723980903625,0.292548060417175,-0.515154659748077
"211",53.3333333333333,56.6666666666667,-0.990236282348633,-2.33576560020447,1.55229663848877,-0.596922099590302
"212",56.6666666666667,53.3333333333333,0.410719513893127,-0.483485877513885,1.5726352930069,-0.581541359424591
"213",63.3333333333333,56.6666666666667,-0.433938801288605,-0.608535408973694,0.69408130645752,0.302775979042053
"214",66.6666666666667,53.3333333333333,-0.532061457633972,0.175943478941917,0.900056481361389,-0.572217464447021
"215",73.3333333333333,56.6666666666667,0.0364103429019451,-1.41250658035278,0.716706931591034,-0.2992904484272
"216",76.6666666666667,53.3333333333333,0.315071433782578,-0.996949911117554,1.03129971027374,-0.792648792266846
"217",83.3333333333333,56.6666666666667,0.33096706867218,-0.945227861404419,-0.601070821285248,-1.38268053531647
"218",86.6666666666667,53.3333333333333,-0.0478852279484272,-0.57186758518219,-0.0914139598608017,-1.48622560501099
"219",93.3333333333333,56.6666666666667,1.63683724403381,-1.78026068210602,-0.262314260005951,-1.15027487277985
"220",96.6666666666667,53.3333333333333,0.588144838809967,-1.18684303760529,0.12775094807148,-1.40379822254181
"221",103.333333333333,56.6666666666667,0.0117687452584505,-0.812718510627747,0.0789226591587067,-0.303138494491577
"222",106.666666666667,53.3333333333333,-1.6328831911087,-0.284609317779541,0.413457095623016,-0.115434467792511
"223",113.333333333333,56.6666666666667,-0.0488390512764454,-1.45672166347504,-0.607190012931824,0.676566064357758
"224",116.666666666667,53.3333333333333,0.62766420841217,-0.351782917976379,0.0685792341828346,-0.414532899856567
"225",123.333333333333,56.6666666666667,0.962603211402893,-1.41151762008667,-1.09070384502411,0.436163246631622
"226",126.666666666667,53.3333333333333,1.5195187330246,-2.32726645469666,-0.407645225524902,-0.165792569518089
"227",133.333333333333,56.6666666666667,0.895190536975861,-1.13886666297913,-1.02639663219452,-0.585205256938934
"228",136.666666666667,53.3333333333333,0.591308534145355,-0.986969470977783,-0.57470315694809,-0.335135966539383
"229",143.333333333333,56.6666666666667,0.462724924087524,-1.44562876224518,0.817710995674133,-0.407754123210907
"230",146.666666666667,53.3333333333333,0.0967929139733315,-1.59528017044067,1.24504220485687,-0.592747211456299
"231",153.333333333333,56.6666666666667,-0.314939916133881,-1.88179159164429,0.246749341487885,-0.996050298213959
"232",156.666666666667,53.3333333333333,-0.388585299253464,-0.793080389499664,0.649462461471558,-0.787056267261505
"233",163.333333333333,56.6666666666667,0.288359731435776,0.218563631176949,1.28476417064667,-1.43250572681427
"234",166.666666666667,53.3333333333333,0.275971800088882,0.155368164181709,0.317134976387024,-1.54454779624939
"235",173.333333333333,56.6666666666667,1.02348136901855,0.762278378009796,0.57150810956955,0.529335916042328
"236",176.666666666667,53.3333333333333,-0.0647287368774414,0.566949486732483,0.719518184661865,-0.310889720916748
"237",183.333333333333,56.6666666666667,-0.337338507175446,-0.458852171897888,-0.262067526578903,-0.385463625192642
"238",186.666666666667,53.3333333333333,0.0347403734922409,0.329572379589081,-0.656261563301086,-0.562351942062378
"239",193.333333333333,56.6666666666667,0.113166630268097,0.209689781069756,-1.13324201107025,0.856542408466339
"240",196.666666666667,53.3333333333333,0.00248440890572965,-1.15195322036743,-0.823468506336212,-0.213936984539032
"241",3.33333333333333,66.6666666666667,0.28639230132103,-0.937085211277008,-0.905983746051788,-0.207571744918823
"242",6.66666666666667,63.3333333333333,0.41798010468483,-1.57160317897797,0.174925178289413,-0.313129544258118
"243",13.3333333333333,66.6666666666667,1.38992524147034,-0.283967524766922,-0.884008467197418,-0.344320237636566
"244",16.6666666666667,63.3333333333333,0.274433374404907,-0.165377363562584,0.366966396570206,-0.877648830413818
"245",23.3333333333333,66.6666666666667,1.41276431083679,0.153770536184311,-0.131036162376404,-1.52296078205109
"246",26.6666666666667,63.3333333333333,0.58352929353714,-0.543572783470154,-0.856077611446381,-0.192973867058754
"247",33.3333333333333,66.6666666666667,0.679362237453461,-0.364326179027557,-1.26247155666351,-2.03425049781799
"248",36.6666666666667,63.3333333333333,0.877781867980957,-1.7624499797821,-1.97640514373779,-0.207575842738152
"249",43.3333333333333,66.6666666666667,2.16696453094482,-1.93186450004578,-1.30083799362183,-2.19693303108215
"250",46.6666666666667,63.3333333333333,0.757153868675232,-2.17169499397278,-0.11650338023901,-1.15070176124573
"251",53.3333333333333,66.6666666666667,0.922439277172089,-0.917369782924652,-0.501096904277802,-1.144118309021
"252",56.6666666666667,63.3333333333333,-0.454017162322998,-0.561351120471954,-0.348734587430954,-0.0792467817664146
"253",63.3333333333333,66.6666666666667,0.457876443862915,-0.430007576942444,-0.897098124027252,0.328442513942719
"254",66.6666666666667,63.3333333333333,1.42437350749969,-0.0868528857827187,-1.17772221565247,0.629356861114502
"255",73.3333333333333,66.6666666666667,1.45504772663116,-0.361781388521194,-0.501662790775299,0.514670729637146
"256",76.6666666666667,63.3333333333333,1.38906037807465,-0.676780164241791,-0.777723371982574,-0.619915187358856
"257",83.3333333333333,66.6666666666667,1.59867310523987,-1.39655125141144,-0.959390699863434,0.242426961660385
"258",86.6666666666667,63.3333333333333,0.818683624267578,-1.65614485740662,-0.904709994792938,0.4456747174263
"259",93.3333333333333,66.6666666666667,1.24177503585815,-1.5257922410965,-0.785943269729614,0.765659928321838
"260",96.6666666666667,63.3333333333333,-0.124287366867065,-1.15712773799896,-0.667061448097229,-0.608404755592346
"261",103.333333333333,66.6666666666667,-0.019680155441165,-0.669167101383209,-2.33884811401367,0.759037554264069
"262",106.666666666667,63.3333333333333,-1.76484417915344,0.450092285871506,-2.16132688522339,-0.474608272314072
"263",113.333333333333,66.6666666666667,0.566118240356445,-1.71503293514252,-1.39360082149506,0.556490957736969
"264",116.666666666667,63.3333333333333,1.50901854038239,-1.90583002567291,-0.0413360111415386,0.0752293020486832
"265",123.333333333333,66.6666666666667,2.12390542030334,-1.03155207633972,-0.205273509025574,-0.331270754337311
"266",126.666666666667,63.3333333333333,1.57197082042694,-1.16467010974884,-1.43239736557007,0.325467497110367
"267",133.333333333333,66.6666666666667,1.11707317829132,-1.39153230190277,-1.20501089096069,-0.594912528991699
"268",136.666666666667,63.3333333333333,0.988110542297363,-2.10103678703308,-0.520126402378082,-1.79582786560059
"269",143.333333333333,66.6666666666667,1.63492846488953,-0.997187435626984,0.92458188533783,-1.59060370922089
"270",146.666666666667,63.3333333333333,1.22714960575104,-0.761449158191681,1.40606677532196,-2.10201859474182
"271",153.333333333333,66.6666666666667,1.49124193191528,-0.348154842853546,1.26977717876434,-1.30802476406097
"272",156.666666666667,63.3333333333333,1.72174119949341,-0.957931697368622,1.34153485298157,-1.21129631996155
"273",163.333333333333,66.6666666666667,2.37803745269775,-0.123083144426346,0.33764523267746,-1.79430890083313
"274",166.666666666667,63.3333333333333,1.47286105155945,-0.429261058568954,0.190751507878304,-1.04979717731476
"275",173.333333333333,66.6666666666667,1.31169033050537,0.373280555009842,1.35574615001678,-1.05346131324768
"276",176.666666666667,63.3333333333333,0.900616407394409,0.816106617450714,0.943381607532501,-0.551236271858215
"277",183.333333333333,66.6666666666667,1.24412775039673,0.974146366119385,1.04691183567047,-0.155301481485367
"278",186.666666666667,63.3333333333333,1.29031550884247,0.595690488815308,-0.883401691913605,0.87473326921463
"279",193.333333333333,66.6666666666667,1.70240712165833,-0.0416902862489223,-0.709963262081146,0.172686949372292
"280",196.666666666667,63.3333333333333,1.58471596240997,-0.190673261880875,-1.84672284126282,0.105395965278149
"281",3.33333333333333,76.6666666666667,0.766073107719421,-0.443144887685776,-0.0993673503398895,-2.15542888641357
"282",6.66666666666667,73.3333333333333,-0.476394474506378,-1.29749548435211,-1.32834148406982,-0.850307703018188
"283",13.3333333333333,76.6666666666667,0.774707436561584,-0.211702197790146,0.235524028539658,-2.32311320304871
"284",16.6666666666667,73.3333333333333,0.786702930927277,-0.363818794488907,-0.912267446517944,-1.28892529010773
"285",23.3333333333333,76.6666666666667,1.87041759490967,-0.141182005405426,-1.22549414634705,-2.61616110801697
"286",26.6666666666667,73.3333333333333,0.90695708990097,0.566818714141846,-2.84045195579529,-1.91088652610779
"287",33.3333333333333,76.6666666666667,1.27625441551208,-1.53351140022278,-2.14942049980164,-2.56089305877686
"288",36.6666666666667,73.3333333333333,2.03584623336792,-0.326746076345444,-1.66285490989685,-1.81850612163544
"289",43.3333333333333,76.6666666666667,1.89445185661316,-1.55922114849091,-0.00500044086948037,-2.29284834861755
"290",46.6666666666667,73.3333333333333,2.24432349205017,-0.349377334117889,-0.506667912006378,-1.17232227325439
"291",53.3333333333333,76.6666666666667,2.38196921348572,0.197545483708382,-0.616147875785828,-1.29867327213287
"292",56.6666666666667,73.3333333333333,1.79114854335785,0.192292898893356,-1.11597561836243,-1.42772126197815
"293",63.3333333333333,76.6666666666667,1.22074770927429,-0.315009742975235,-0.449959397315979,-0.230751410126686
"294",66.6666666666667,73.3333333333333,1.30858790874481,0.199364364147186,-1.26042139530182,0.153357625007629
"295",73.3333333333333,76.6666666666667,1.39292442798615,0.1232635602355,-0.24151474237442,-0.12848474085331
"296",76.6666666666667,73.3333333333333,1.40042817592621,-0.0146472034975886,-0.730996012687683,0.895408809185028
"297",83.3333333333333,76.6666666666667,1.26359605789185,-0.0887935906648636,0.520231783390045,1.00758802890778
"298",86.6666666666667,73.3333333333333,2.1487181186676,-1.40034341812134,0.343685537576675,0.0242070313543081
"299",93.3333333333333,76.6666666666667,1.02417147159576,-0.29336753487587,-0.518357634544373,0.283048927783966
"300",96.6666666666667,73.3333333333333,0.641727566719055,-1.30456495285034,-1.08437824249268,0.758469521999359
"301",103.333333333333,76.6666666666667,-0.34167405962944,-1.30810976028442,-1.51008009910583,0.995218992233276
"302",106.666666666667,73.3333333333333,0.069076232612133,-1.33109211921692,-2.11176347732544,1.066042304039
"303",113.333333333333,76.6666666666667,0.26229253411293,-0.521714627742767,-1.29658162593842,1.48912239074707
"304",116.666666666667,73.3333333333333,0.484044820070267,-0.983220279216766,-0.626699090003967,1.95066809654236
"305",123.333333333333,76.6666666666667,-0.47154638171196,-1.02587556838989,0.130825400352478,0.513199985027313
"306",126.666666666667,73.3333333333333,-0.963508009910583,-0.401612162590027,0.454720318317413,0.577457070350647
"307",133.333333333333,76.6666666666667,0.124033339321613,-1.17849469184875,-0.113156653940678,-0.658539891242981
"308",136.666666666667,73.3333333333333,-0.0101046767085791,-1.86099052429199,-0.57586681842804,-1.73177301883698
"309",143.333333333333,76.6666666666667,2.37997031211853,0.0506890937685966,1.06551051139832,-1.84849274158478
"310",146.666666666667,73.3333333333333,0.80875962972641,-0.506210267543793,1.96341550350189,-0.608501255512238
"311",153.333333333333,76.6666666666667,-0.19878563284874,0.119065135717392,1.22595822811127,-0.750816285610199
"312",156.666666666667,73.3333333333333,0.977164208889008,-0.0424644239246845,1.10268032550812,-0.0878521203994751
"313",163.333333333333,76.6666666666667,0.827626585960388,1.26183521747589,-0.36720409989357,-0.968567311763763
"314",166.666666666667,73.3333333333333,0.932457685470581,-0.0118574434891343,-0.11049348115921,-0.288936614990234
"315",173.333333333333,76.6666666666667,-0.35050243139267,1.43249189853668,-0.54998379945755,0.410772234201431
"316",176.666666666667,73.3333333333333,0.130824729800224,1.59187042713165,0.670144140720367,-0.69302624464035
"317",183.333333333333,76.6666666666667,-0.0952204465866089,1.73622024059296,1.17479252815247,-0.466953963041306
"318",186.666666666667,73.3333333333333,-0.568342506885529,1.61283254623413,1.28291642665863,-0.460724502801895
"319",193.333333333333,76.6666666666667,0.740624964237213,0.548980712890625,0.0511876195669174,-0.394085645675659
"320",196.666666666667,73.3333333333333,1.06506514549255,0.722431361675262,0.401256740093231,-0.613658905029297
"321",3.33333333333333,86.6666666666667,-0.0511249676346779,1.38249564170837,-1.09397292137146,-1.76223564147949
"322",6.66666666666667,83.3333333333333,-0.395807236433029,1.18575274944305,-0.505549728870392,-0.237397313117981
"323",13.3333333333333,86.6666666666667,1.10880923271179,1.28773331642151,-0.336349129676819,-0.707228124141693
"324",16.6666666666667,83.3333333333333,1.3655344247818,-1.11099338531494,-0.225461140275002,-1.48893570899963
"325",23.3333333333333,86.6666666666667,1.19166994094849,-1.63852119445801,0.127768158912659,-1.63765048980713
"326",26.6666666666667,83.3333333333333,1.22175014019012,-0.721158742904663,-1.50907576084137,-1.67006480693817
"327",33.3333333333333,86.6666666666667,0.544684529304504,-1.54686629772186,-1.32178676128387,-0.505697429180145
"328",36.6666666666667,83.3333333333333,0.0290075019001961,-1.42782545089722,-1.67008113861084,-1.55899846553802
"329",43.3333333333333,86.6666666666667,-0.603501558303833,-0.389733999967575,-0.947266697883606,-1.82097780704498
"330",46.6666666666667,83.3333333333333,0.730459094047546,-0.588186979293823,-0.276847928762436,-1.18784070014954
"331",53.3333333333333,86.6666666666667,-0.14313106238842,0.351903408765793,-0.0664392039179802,-1.05018973350525
"332",56.6666666666667,83.3333333333333,-0.084496445953846,0.105744712054729,-0.322729557752609,-1.70346534252167
"333",63.3333333333333,86.6666666666667,1.83019649982452,0.232016623020172,-0.386515200138092,-2.26079249382019
"334",66.6666666666667,83.3333333333333,1.83368825912476,-0.217003524303436,-0.416886359453201,-0.389428704977036
"335",73.3333333333333,86.6666666666667,1.83572959899902,-0.653580009937286,-1.2044153213501,-0.555830717086792
"336",76.6666666666667,83.3333333333333,1.11376130580902,-0.92476898431778,-0.0402851179242134,-1.23887181282043
"337",83.3333333333333,86.6666666666667,0.287034034729004,0.0254841167479753,0.0876027718186378,0.05520910769701
"338",86.6666666666667,83.3333333333333,0.39515033364296,-0.707052052021027,-0.372034013271332,0.391327530145645
"339",93.3333333333333,86.6666666666667,0.678707540035248,-1.65552020072937,-0.0436242185533047,1.00747430324554
"340",96.6666666666667,83.3333333333333,0.353362441062927,-0.950168490409851,-0.618207931518555,0.0472869575023651
"341",103.333333333333,86.6666666666667,0.250079125165939,-1.14717507362366,-0.0498618371784687,0.271381765604019
"342",106.666666666667,83.3333333333333,-0.0251488536596298,-0.997385740280151,-0.392968237400055,1.01762330532074
"343",113.333333333333,86.6666666666667,-0.125868335366249,-0.828926086425781,-0.0970173105597496,0.60876476764679
"344",116.666666666667,83.3333333333333,-0.861530780792236,-1.30391180515289,0.646288394927979,-0.0840712636709213
"345",123.333333333333,86.6666666666667,-0.171195343136787,-1.56661081314087,0.528267502784729,0.076116569340229
"346",126.666666666667,83.3333333333333,-0.110215805470943,-0.991919457912445,0.368767827749252,-0.418940812349319
"347",133.333333333333,86.6666666666667,-0.3628850877285,-0.782394766807556,0.224211111664772,-1.00616157054901
"348",136.666666666667,83.3333333333333,-0.472689092159271,-0.581117928028107,-0.868751287460327,-0.421301901340485
"349",143.333333333333,86.6666666666667,1.11617410182953,-0.372044593095779,0.133766502141953,-1.71459102630615
"350",146.666666666667,83.3333333333333,0.937412023544312,-0.544146418571472,1.31331062316895,-2.22926545143127
"351",153.333333333333,86.6666666666667,0.850666522979736,-0.802755177021027,0.0191045217216015,-0.411350816488266
"352",156.666666666667,83.3333333333333,-0.147688284516335,0.775541722774506,-0.002967385109514,-0.144532084465027
"353",163.333333333333,86.6666666666667,-0.244503393769264,0.291954427957535,0.625397980213165,-1.04251420497894
"354",166.666666666667,83.3333333333333,-0.836917698383331,-0.764110565185547,0.0886949002742767,-0.536297917366028
"355",173.333333333333,86.6666666666667,-0.208147004246712,1.66668200492859,0.297377288341522,-0.872810125350952
"356",176.666666666667,83.3333333333333,-0.634133100509644,1.31301784515381,0.212004497647285,-0.925108075141907
"357",183.333333333333,86.6666666666667,-0.701591849327087,2.20835041999817,0.519098997116089,-1.31542992591858
"358",186.666666666667,83.3333333333333,-0.315283209085464,0.682787775993347,0.831182658672333,-1.2669757604599
"359",193.333333333333,86.6666666666667,0.416928291320801,1.06579041481018,-0.145901188254356,-2.28521418571472
"360",196.666666666667,83.3333333333333,0.844635128974915,-0.634559035301208,-1.36431276798248,-0.902642726898193
"361",3.33333333333333,96.6666666666667,0.0591429732739925,1.19380176067352,0.866976022720337,-1.02665793895721
"362",6.66666666666667,93.3333333333333,0.813482463359833,0.949339926242828,-0.142827793955803,-2.26806616783142
"363",13.3333333333333,96.6666666666667,0.426714897155762,1.18991804122925,-0.855176150798798,-1.20433878898621
"364",16.6666666666667,93.3333333333333,1.29386377334595,1.83151960372925,-2.08980345726013,0.148163825273514
"365",23.3333333333333,96.6666666666667,0.909935355186462,-0.0242356080561876,-2.42694497108459,0.28032523393631
"366",26.6666666666667,93.3333333333333,0.404061436653137,-0.563620746135712,-2.77369117736816,0.301012426614761
"367",33.3333333333333,96.6666666666667,-0.204102233052254,-0.740176200866699,-2.59707307815552,0.935174703598022
"368",36.6666666666667,93.3333333333333,0.200394451618195,-0.463900029659271,-1.42378413677216,-0.727912783622742
"369",43.3333333333333,96.6666666666667,-0.673069596290588,-0.50247859954834,-2.040447473526,-0.477649539709091
"370",46.6666666666667,93.3333333333333,-1.41484189033508,-0.631775915622711,-0.560946226119995,-0.422380983829498
"371",53.3333333333333,96.6666666666667,0.669811546802521,-0.143230006098747,-1.23446118831635,-0.0170280206948519
"372",56.6666666666667,93.3333333333333,0.314426273107529,0.799358248710632,-2.06059241294861,0.405454814434052
"373",63.3333333333333,96.6666666666667,0.733953535556793,-0.555262982845306,-0.238835766911507,-0.178985089063644
"374",66.6666666666667,93.3333333333333,0.885399460792542,-0.0805432796478271,-1.22913038730621,-0.471514731645584
"375",73.3333333333333,96.6666666666667,0.567306041717529,0.34541267156601,0.181197568774223,-1.21796321868896
"376",76.6666666666667,93.3333333333333,0.588462710380554,0.956522941589355,-0.529817521572113,-0.393626540899277
"377",83.3333333333333,96.6666666666667,0.775858223438263,-0.029229199513793,-0.319640398025513,-0.40547639131546
"378",86.6666666666667,93.3333333333333,0.337336272001266,-1.0724903345108,0.0340579077601433,0.0860486999154091
"379",93.3333333333333,96.6666666666667,-0.204356044530869,-1.169806599617,-0.170149266719818,-0.502511262893677
"380",96.6666666666667,93.3333333333333,-0.913365006446838,-1.54200291633606,0.0267712790518999,1.51294720172882
"381",103.333333333333,96.6666666666667,0.315233141183853,-0.121812671422958,0.330676108598709,0.0990847647190094
"382",106.666666666667,93.3333333333333,0.148941889405251,-0.0859948098659515,-0.0190531481057405,-0.164609923958778
"383",113.333333333333,96.6666666666667,1.13640999794006,-1.62443435192108,0.591634929180145,-0.847217679023743
"384",116.666666666667,93.3333333333333,-0.0484442114830017,-1.70777666568756,0.36835452914238,-0.639601290225983
"385",123.333333333333,96.6666666666667,-1.05420827865601,-2.97421622276306,0.304342001676559,-0.558345794677734
"386",126.666666666667,93.3333333333333,-0.41744476556778,-2.58011960983276,-0.149077832698822,-0.289070039987564
"387",133.333333333333,96.6666666666667,-0.234712854027748,-1.47680521011353,-0.457378149032593,-0.820750892162323
"388",136.666666666667,93.3333333333333,-0.11067420989275,-0.630196750164032,-0.0510709136724472,-1.20574450492859
"389",143.333333333333,96.6666666666667,-0.337325751781464,-2.09781098365784,0.586590111255646,-0.122851274907589
"390",146.666666666667,93.3333333333333,0.699018061161041,-1.42334032058716,0.820534646511078,-0.710732281208038
"391",153.333333333333,96.6666666666667,0.482301980257034,-1.13320279121399,-0.587932407855988,-1.68626999855042
"392",156.666666666667,93.3333333333333,0.184666782617569,-0.922707855701447,-0.0477247051894665,-1.09969615936279
"393",163.333333333333,96.6666666666667,0.484060823917389,0.0465947352349758,-1.33546304702759,-0.948514223098755
"394",166.666666666667,93.3333333333333,-0.0816180780529976,1.50977528095245,-0.595109760761261,-1.17146277427673
"395",173.333333333333,96.6666666666667,0.658433794975281,2.25481224060059,-0.945132851600647,-1.33320248126984
"396",176.666666666667,93.3333333333333,-0.165049329400063,2.47871136665344,0.341142684221268,-1.67536091804504
"397",183.333333333333,96.6666666666667,0.510414481163025,0.754726946353912,0.38280063867569,-1.55332434177399
"398",186.666666666667,93.3333333333333,-0.341904431581497,1.53742790222168,1.25261342525482,-1.21544456481934
"399",193.333333333333,96.6666666666667,-0.158898115158081,0.158275976777077,0.860396325588226,-2.34206509590149
"400",196.666666666667,93.3333333333333,-0.0739237144589424,-0.37326854467392,0.340232878923416,-1.01474642753601
