"","x","y","sim1","sim2","sim3","sim4"
"1",3.33333333333333,6.66666666666667,0.962494909763336,0.468427240848541,-1.43953263759613,-1.490971326828
"2",6.66666666666667,3.33333333333333,0.447010636329651,-1.0761125087738,-0.723308622837067,-0.0791648551821709
"3",13.3333333333333,6.66666666666667,-0.811029016971588,0.21320378780365,0.0555231161415577,0.798173010349274
"4",16.6666666666667,3.33333333333333,1.63749897480011,-0.484647184610367,-0.0878299474716187,0.516742706298828
"5",23.3333333333333,6.66666666666667,-0.982462465763092,1.06151270866394,1.77021896839142,-0.122775875031948
"6",26.6666666666667,3.33333333333333,0.349074482917786,0.341648042201996,-0.383065462112427,1.01434552669525
"7",33.3333333333333,6.66666666666667,0.24250653386116,1.07957136631012,-0.176524505019188,0.518311440944672
"8",36.6666666666667,3.33333333333333,-1.01695024967194,-0.372847497463226,-0.538730204105377,0.731880724430084
"9",43.3333333333333,6.66666666666667,1.5113331079483,1.68015909194946,0.717308223247528,0.593630969524384
"10",46.6666666666667,3.33333333333333,-0.904118478298187,-1.84442985057831,0.846048593521118,-0.790449261665344
"11",53.3333333333333,6.66666666666667,1.43794238567352,2.82834911346436,0.500193417072296,-0.543867707252502
"12",56.6666666666667,3.33333333333333,-1.36116886138916,-0.697169899940491,0.365627497434616,-0.565237939357758
"13",63.3333333333333,6.66666666666667,0.639224231243134,2.02821850776672,0.0434636138379574,-0.166288614273071
"14",66.6666666666667,3.33333333333333,-0.18730029463768,1.25095880031586,-0.380508989095688,-0.070403665304184
"15",73.3333333333333,6.66666666666667,-0.166286885738373,0.822014391422272,-0.748077929019928,-0.567895412445068
"16",76.6666666666667,3.33333333333333,0.300603002309799,-1.00340461730957,-2.16492342948914,0.933913230895996
"17",83.3333333333333,6.66666666666667,-0.311407804489136,1.10482931137085,1.36491584777832,0.383867233991623
"18",86.6666666666667,3.33333333333333,0.0845365449786186,-0.662060856819153,-1.17160546779633,2.11453127861023
"19",93.3333333333333,6.66666666666667,0.826182186603546,0.594409883022308,0.606023013591766,-0.413100302219391
"20",96.6666666666667,3.33333333333333,-0.311657667160034,0.217487946152687,0.435080975294113,1.9577716588974
"21",103.333333333333,6.66666666666667,2.20852565765381,-0.641520202159882,0.0375652238726616,-1.12465381622314
"22",106.666666666667,3.33333333333333,-0.301163792610168,-0.0927506312727928,0.883683204650879,0.636086463928223
"23",113.333333333333,6.66666666666667,2.26703119277954,-0.978510499000549,-0.394341915845871,-1.56446373462677
"24",116.666666666667,3.33333333333333,1.36393511295319,1.45007932186127,-0.706895053386688,1.89215850830078
"25",123.333333333333,6.66666666666667,1.09455537796021,-1.6706610918045,-0.112225100398064,-0.421910405158997
"26",126.666666666667,3.33333333333333,-0.167422264814377,1.34327399730682,-0.635024189949036,1.21610772609711
"27",133.333333333333,6.66666666666667,1.93388199806213,0.182324811816216,-0.472955614328384,1.74713015556335
"28",136.666666666667,3.33333333333333,-0.317331910133362,1.73447370529175,0.447796106338501,-0.000683667196426541
"29",143.333333333333,6.66666666666667,-0.585216701030731,1.6052520275116,-0.289422780275345,2.62928652763367
"30",146.666666666667,3.33333333333333,-0.602132558822632,0.449174851179123,-0.371821880340576,1.5102870464325
"31",153.333333333333,6.66666666666667,0.0757248774170876,1.82174289226532,0.491326093673706,0.154836937785149
"32",156.666666666667,3.33333333333333,1.48904049396515,-1.2016749382019,0.0712859183549881,0.0627219527959824
"33",163.333333333333,6.66666666666667,-1.59852814674377,-0.622400462627411,-0.02656857855618,0.730352759361267
"34",166.666666666667,3.33333333333333,0.831745088100433,-0.6124027967453,-0.424664944410324,0.526615500450134
"35",173.333333333333,6.66666666666667,1.10005605220795,-0.120259337127209,0.265132486820221,0.0381837673485279
"36",176.666666666667,3.33333333333333,0.935503721237183,-1.83217132091522,-0.862942159175873,1.38168752193451
"37",183.333333333333,6.66666666666667,0.043322391808033,0.698786437511444,-0.0667123645544052,-0.661002576351166
"38",186.666666666667,3.33333333333333,0.34269505739212,-0.505765855312347,-0.608323156833649,-0.722643733024597
"39",193.333333333333,6.66666666666667,0.0443451292812824,1.02817332744598,1.44573199748993,-0.804445743560791
"40",196.666666666667,3.33333333333333,0.656675398349762,0.589283108711243,0.256509065628052,-1.27094972133636
"41",3.33333333333333,16.6666666666667,-0.61272656917572,0.556724548339844,0.463930785655975,-1.01314377784729
"42",6.66666666666667,13.3333333333333,0.590535938739777,-0.556272506713867,0.498820960521698,-0.818234026432037
"43",13.3333333333333,16.6666666666667,0.881283283233643,1.5503261089325,0.378854811191559,0.052317850291729
"44",16.6666666666667,13.3333333333333,1.52682411670685,-1.7079873085022,1.49450576305389,-0.878644824028015
"45",23.3333333333333,16.6666666666667,0.740386188030243,2.29179453849792,-0.099389337003231,-0.017022866755724
"46",26.6666666666667,13.3333333333333,-0.175184801220894,0.141528651118279,2.22835350036621,-0.808875024318695
"47",33.3333333333333,16.6666666666667,2.4666702747345,0.920780420303345,0.947167932987213,0.0283005908131599
"48",36.6666666666667,13.3333333333333,-0.54392284154892,-0.484588146209717,1.05287766456604,-0.635237812995911
"49",43.3333333333333,16.6666666666667,1.19405126571655,0.73823755979538,0.0819916054606438,1.35077702999115
"50",46.6666666666667,13.3333333333333,0.438608348369598,-1.34006202220917,0.791163206100464,-1.55254900455475
"51",53.3333333333333,16.6666666666667,0.958623290061951,-0.112475655972958,-0.129267439246178,0.315757542848587
"52",56.6666666666667,13.3333333333333,-0.0751755014061928,-0.695399701595306,-0.362668544054031,-1.72423040866852
"53",63.3333333333333,16.6666666666667,-0.250083923339844,2.29346489906311,-1.28306972980499,-0.530369281768799
"54",66.6666666666667,13.3333333333333,1.32836961746216,-1.47688329219818,-1.62862062454224,-0.594417333602905
"55",73.3333333333333,16.6666666666667,0.667909026145935,0.914858758449554,-0.198828160762787,-0.724225342273712
"56",76.6666666666667,13.3333333333333,1.08131229877472,-0.831374108791351,0.464854717254639,-0.243715077638626
"57",83.3333333333333,16.6666666666667,-0.721555590629578,0.313793271780014,0.57899683713913,-1.06406664848328
"58",86.6666666666667,13.3333333333333,1.18473947048187,-0.23267637193203,1.16231417655945,0.268022745847702
"59",93.3333333333333,16.6666666666667,0.640357196331024,-0.429373621940613,0.292840868234634,-1.08465492725372
"60",96.6666666666667,13.3333333333333,1.26847875118256,-0.643128454685211,-0.914513051509857,0.292487353086472
"61",103.333333333333,16.6666666666667,-0.0274594072252512,-0.666226029396057,-0.189993157982826,-1.79380583763123
"62",106.666666666667,13.3333333333333,0.516292154788971,0.0538187325000763,-1.15139293670654,-0.41600027680397
"63",113.333333333333,16.6666666666667,-1.33362090587616,0.198637261986732,-0.247627630829811,-0.731605708599091
"64",116.666666666667,13.3333333333333,2.05754375457764,0.0445515140891075,-0.0496819242835045,-0.894865036010742
"65",123.333333333333,16.6666666666667,-0.407382875680923,-0.415538609027863,0.989489078521729,-0.67433100938797
"66",126.666666666667,13.3333333333333,0.168327331542969,-0.791834115982056,0.581020355224609,-1.72321319580078
"67",133.333333333333,16.6666666666667,-0.52590149641037,0.0663173571228981,0.409029066562653,-0.496401488780975
"68",136.666666666667,13.3333333333333,0.0586639977991581,-0.667558491230011,-0.494740962982178,-1.17327332496643
"69",143.333333333333,16.6666666666667,-1.03427016735077,-0.728552877902985,0.170191332697868,-0.0198963433504105
"70",146.666666666667,13.3333333333333,-1.40879082679749,-0.604091107845306,0.294431686401367,-1.76518845558167
"71",153.333333333333,16.6666666666667,-0.818770706653595,-1.72780323028564,-0.921749234199524,0.03064707480371
"72",156.666666666667,13.3333333333333,0.862913846969604,-1.67979168891907,0.00529417162761092,-1.64180672168732
"73",163.333333333333,16.6666666666667,-0.453466594219208,-0.813136518001556,0.0375829972326756,-0.6667121052742
"74",166.666666666667,13.3333333333333,0.617758750915527,-0.843529880046844,-0.756589949131012,-1.12291753292084
"75",173.333333333333,16.6666666666667,1.88274657726288,-1.23234033584595,0.27287021279335,1.03333389759064
"76",176.666666666667,13.3333333333333,-1.80465269088745,-0.950673758983612,-0.487104415893555,-0.668309807777405
"77",183.333333333333,16.6666666666667,0.63251268863678,-1.32758259773254,0.152571573853493,0.053305309265852
"78",186.666666666667,13.3333333333333,-0.794044554233551,-1.79926717281342,-0.674643099308014,-0.415393352508545
"79",193.333333333333,16.6666666666667,-0.123019643127918,-1.33469069004059,0.0166118405759335,1.83317470550537
"80",196.666666666667,13.3333333333333,-1.47846460342407,-2.31778311729431,-1.46478056907654,-0.551398932933807
"81",3.33333333333333,26.6666666666667,-0.132076218724251,-0.660955786705017,-0.707292199134827,-0.694966435432434
"82",6.66666666666667,23.3333333333333,0.52734649181366,-0.862723827362061,0.874384701251984,-0.400484293699265
"83",13.3333333333333,26.6666666666667,-0.725724577903748,-1.4207911491394,-1.06906306743622,-1.59120869636536
"84",16.6666666666667,23.3333333333333,-0.461228162050247,-0.306629210710526,1.04801368713379,-1.46457433700562
"85",23.3333333333333,26.6666666666667,-0.185726076364517,-1.1903383731842,-0.25115755200386,-0.867595791816711
"86",26.6666666666667,23.3333333333333,-0.386428385972977,-0.0586907379329205,-0.211711883544922,-1.0244665145874
"87",33.3333333333333,26.6666666666667,-1.37752997875214,-0.42320728302002,-0.730193376541138,-0.383460730314255
"88",36.6666666666667,23.3333333333333,-0.0833086296916008,-0.9978848695755,-0.353970974683762,-0.197302550077438
"89",43.3333333333333,26.6666666666667,-1.71417915821075,-0.581295728683472,1.0647177696228,-1.50702559947968
"90",46.6666666666667,23.3333333333333,0.487531900405884,-0.716004908084869,-0.165666803717613,0.693391144275665
"91",53.3333333333333,26.6666666666667,-0.708061456680298,0.546236991882324,0.845053672790527,0.770051956176758
"92",56.6666666666667,23.3333333333333,-0.190769538283348,-1.2896580696106,-0.45487654209137,0.967765629291534
"93",63.3333333333333,26.6666666666667,-0.64478987455368,-0.653200626373291,1.8643012046814,-0.368792176246643
"94",66.6666666666667,23.3333333333333,-2.04286408424377,-0.405902415513992,-0.956610441207886,-1.03730809688568
"95",73.3333333333333,26.6666666666667,-1.13459157943726,0.180199503898621,0.71208119392395,0.513290464878082
"96",76.6666666666667,23.3333333333333,-1.79761040210724,0.291841059923172,0.0436493046581745,0.348082602024078
"97",83.3333333333333,26.6666666666667,1.3887130022049,-0.13725857436657,0.878133714199066,0.305357128381729
"98",86.6666666666667,23.3333333333333,-1.21384632587433,-0.846040725708008,-0.772827446460724,-0.414982914924622
"99",93.3333333333333,26.6666666666667,0.136161789298058,0.0492421425879002,0.255450576543808,-0.0800359323620796
"100",96.6666666666667,23.3333333333333,-0.528530836105347,-0.757557153701782,0.255963176488876,-0.706963062286377
"101",103.333333333333,26.6666666666667,-0.313541352748871,-0.580499947071075,-0.937007009983063,-0.0202977806329727
"102",106.666666666667,23.3333333333333,0.304048806428909,-1.03106355667114,-0.640903651714325,-1.09021651744843
"103",113.333333333333,26.6666666666667,-0.561831057071686,-0.656051278114319,-0.349891304969788,-0.0988950133323669
"104",116.666666666667,23.3333333333333,0.185244604945183,-1.39982891082764,-0.661584496498108,-0.943386733531952
"105",123.333333333333,26.6666666666667,-0.946069777011871,-1.06480932235718,-0.428274154663086,1.50447845458984
"106",126.666666666667,23.3333333333333,1.30518567562103,-0.855596780776978,0.0266676247119904,-0.182370990514755
"107",133.333333333333,26.6666666666667,0.244554206728935,-0.420754909515381,1.21867430210114,0.0677602365612984
"108",136.666666666667,23.3333333333333,0.923390030860901,0.792797386646271,-0.274671792984009,0.357305586338043
"109",143.333333333333,26.6666666666667,0.313436537981033,-0.0548107661306858,0.618083715438843,-0.71801233291626
"110",146.666666666667,23.3333333333333,1.35139155387878,-0.220796674489975,0.008390580303967,1.46250772476196
"111",153.333333333333,26.6666666666667,-1.42511820793152,1.08677339553833,1.07854044437408,-0.48589238524437
"112",156.666666666667,23.3333333333333,0.0523796007037163,-0.825203895568848,0.61693811416626,1.18131172657013
"113",163.333333333333,26.6666666666667,0.00216654245741665,0.502924084663391,-1.1483188867569,-0.0903990641236305
"114",166.666666666667,23.3333333333333,0.134689182043076,-0.107368536293507,0.946829199790955,1.74408435821533
"115",173.333333333333,26.6666666666667,0.407072156667709,1.06424152851105,-1.54368472099304,-0.0112243229523301
"116",176.666666666667,23.3333333333333,-0.16135236620903,-0.482093214988708,1.50776016712189,2.93507313728333
"117",183.333333333333,26.6666666666667,1.41343462467194,-0.480279058218002,-1.38508033752441,1.28065359592438
"118",186.666666666667,23.3333333333333,-0.0978976786136627,-0.799877226352692,0.900101065635681,2.99893617630005
"119",193.333333333333,26.6666666666667,1.88525414466858,-0.409427493810654,0.411531895399094,1.53875422477722
"120",196.666666666667,23.3333333333333,-0.741195380687714,0.36318439245224,0.842197060585022,0.856748521327972
"121",3.33333333333333,36.6666666666667,1.52408516407013,-0.803930282592773,0.651539027690887,0.299567192792892
"122",6.66666666666667,33.3333333333333,-0.86641389131546,-0.926192998886108,-1.6154248714447,-0.880446434020996
"123",13.3333333333333,36.6666666666667,1.40036833286285,-0.0526440143585205,-0.035313755273819,-0.491413086652756
"124",16.6666666666667,33.3333333333333,-1.23514747619629,-0.574220776557922,1.46336805820465,-0.162523284554482
"125",23.3333333333333,36.6666666666667,-0.0193349756300449,0.22289876639843,0.878701090812683,-0.0707321092486382
"126",26.6666666666667,33.3333333333333,-0.78143435716629,-0.975776135921478,0.0380029305815697,0.98911464214325
"127",33.3333333333333,36.6666666666667,-0.795114278793335,-0.914510130882263,0.996806621551514,1.67662000656128
"128",36.6666666666667,33.3333333333333,-0.634015381336212,-0.373519659042358,0.0604584775865078,0.559927642345428
"129",43.3333333333333,36.6666666666667,-0.101157888770103,-1.01573157310486,-0.531589984893799,1.0401918888092
"130",46.6666666666667,33.3333333333333,1.03187727928162,-0.225123405456543,-1.17636752128601,0.252977043390274
"131",53.3333333333333,36.6666666666667,0.0371150746941566,-0.339219808578491,-0.901086091995239,1.41480016708374
"132",56.6666666666667,33.3333333333333,-0.419486790895462,-0.623701453208923,-0.865160167217255,1.15154898166656
"133",63.3333333333333,36.6666666666667,1.81000769138336,1.00679683685303,-1.69566464424133,0.394686818122864
"134",66.6666666666667,33.3333333333333,0.705741286277771,-0.582462728023529,-0.00498221023008227,1.17853593826294
"135",73.3333333333333,36.6666666666667,0.794635772705078,0.376320868730545,-0.502660632133484,-0.848900079727173
"136",76.6666666666667,33.3333333333333,-0.183853596448898,0.0459539517760277,-0.41979718208313,-1.29110193252563
"137",83.3333333333333,36.6666666666667,-0.327171385288239,-0.923822104930878,-0.0638340935111046,0.563540816307068
"138",86.6666666666667,33.3333333333333,0.632124602794647,0.38822939991951,0.44662219285965,-1.21788322925568
"139",93.3333333333333,36.6666666666667,-0.0525633618235588,1.11744272708893,1.15910470485687,1.45919454097748
"140",96.6666666666667,33.3333333333333,0.67243355512619,-0.418219685554504,0.128842741250992,0.327582180500031
"141",103.333333333333,36.6666666666667,1.40644884109497,0.17571622133255,1.09207618236542,1.61684572696686
"142",106.666666666667,33.3333333333333,0.927457094192505,1.52146184444427,-0.025638222694397,-0.25390762090683
"143",113.333333333333,36.6666666666667,0.229837253689766,-0.290594935417175,0.967750668525696,2.30051207542419
"144",116.666666666667,33.3333333333333,1.4701042175293,1.70593225955963,1.38012886047363,-0.228142470121384
"145",123.333333333333,36.6666666666667,0.204096138477325,-0.165694862604141,0.106896363198757,0.45574277639389
"146",126.666666666667,33.3333333333333,-0.11264206469059,1.35599482059479,0.854170620441437,-0.150171741843224
"147",133.333333333333,36.6666666666667,0.0629482343792915,-2.84539127349854,0.177912205457687,-0.47631424665451
"148",136.666666666667,33.3333333333333,0.0173039343208075,-0.357611060142517,1.01230263710022,0.164756119251251
"149",143.333333333333,36.6666666666667,-0.484230101108551,-1.26448655128479,0.415286481380463,-1.84452795982361
"150",146.666666666667,33.3333333333333,-0.00585518265143037,-1.01856231689453,-0.057323195040226,-0.0882759168744087
"151",153.333333333333,36.6666666666667,0.161731377243996,-1.17398512363434,0.637984037399292,-1.0883287191391
"152",156.666666666667,33.3333333333333,0.778845429420471,-1.66891753673553,-0.106602713465691,-0.864973247051239
"153",163.333333333333,36.6666666666667,1.91117775440216,-0.499248325824738,0.486845046281815,-2.12130260467529
"154",166.666666666667,33.3333333333333,0.198220744729042,-1.72487032413483,0.0808927118778229,0.31889346241951
"155",173.333333333333,36.6666666666667,2.01973962783813,-0.382652103900909,1.38208389282227,0.200518622994423
"156",176.666666666667,33.3333333333333,-0.381359219551086,-1.71370506286621,0.307864665985107,-0.825756549835205
"157",183.333333333333,36.6666666666667,0.856015980243683,0.839812219142914,0.58331972360611,0.0862563103437424
"158",186.666666666667,33.3333333333333,0.944544613361359,-1.8299525976181,0.364210098981857,0.225646659731865
"159",193.333333333333,36.6666666666667,1.39762544631958,1.230912566185,-1.45389330387115,-1.81136500835419
"160",196.666666666667,33.3333333333333,-0.180130168795586,-1.73096561431885,0.0710613876581192,-1.58367908000946
"161",3.33333333333333,46.6666666666667,-0.586389422416687,-0.131401643157005,0.526313483715057,0.197200283408165
"162",6.66666666666667,43.3333333333333,-0.563383638858795,0.705395519733429,1.28033661842346,0.255569219589233
"163",13.3333333333333,46.6666666666667,-0.623440086841583,-1.01388382911682,1.4023414850235,-0.834353566169739
"164",16.6666666666667,43.3333333333333,1.17222058773041,0.594920217990875,1.90540564060211,-0.0572884529829025
"165",23.3333333333333,46.6666666666667,0.824916779994965,-0.806483626365662,1.2308144569397,-0.771816730499268
"166",26.6666666666667,43.3333333333333,0.538637101650238,0.153221964836121,0.272126883268356,-0.302639901638031
"167",33.3333333333333,46.6666666666667,1.2412725687027,-0.869815826416016,1.01427757740021,-1.46736872196198
"168",36.6666666666667,43.3333333333333,1.1963437795639,-0.0724356696009636,0.64461076259613,-0.654847085475922
"169",43.3333333333333,46.6666666666667,0.816875100135803,-0.664024114608765,1.07575607299805,0.267444312572479
"170",46.6666666666667,43.3333333333333,-1.44598948955536,-0.730558812618256,-1.69573283195496,0.0269650164991617
"171",53.3333333333333,46.6666666666667,-1.80305874347687,-0.656356751918793,0.317648768424988,-0.746593952178955
"172",56.6666666666667,43.3333333333333,0.483619540929794,-0.130095511674881,0.729166150093079,-0.128497257828712
"173",63.3333333333333,46.6666666666667,-1.38312673568726,-1.21335637569427,-0.396503210067749,-0.167158275842667
"174",66.6666666666667,43.3333333333333,-0.180836722254753,1.2669860124588,-0.254469007253647,0.857008576393127
"175",73.3333333333333,46.6666666666667,-2.25160193443298,0.797724068164825,-0.431448370218277,-0.109319284558296
"176",76.6666666666667,43.3333333333333,-1.02826249599457,0.578437924385071,-0.458772420883179,-0.470439165830612
"177",83.3333333333333,46.6666666666667,-2.36911725997925,1.14164316654205,-0.226108387112617,-0.498154789209366
"178",86.6666666666667,43.3333333333333,-1.31167578697205,0.126715078949928,-0.803904891014099,-0.843059122562408
"179",93.3333333333333,46.6666666666667,-1.46121692657471,-0.277073502540588,0.447063714265823,1.44693887233734
"180",96.6666666666667,43.3333333333333,-0.606722414493561,1.32722496986389,-1.47969806194305,0.00379325728863478
"181",103.333333333333,46.6666666666667,-1.12950539588928,-0.945395350456238,-1.55292856693268,0.454859912395477
"182",106.666666666667,43.3333333333333,1.70185899734497,-0.421638309955597,-0.410307258367538,0.193549200892448
"183",113.333333333333,46.6666666666667,-0.82319039106369,0.562542021274567,-0.805376052856445,1.61548948287964
"184",116.666666666667,43.3333333333333,0.159210324287415,-0.409220010042191,0.172543376684189,1.79568529129028
"185",123.333333333333,46.6666666666667,0.0481563210487366,-1.46920323371887,-0.515608072280884,1.23966264724731
"186",126.666666666667,43.3333333333333,1.14293456077576,0.118480555713177,0.640572249889374,1.40429735183716
"187",133.333333333333,46.6666666666667,0.159599110484123,-0.12899386882782,-0.32529005408287,1.82851338386536
"188",136.666666666667,43.3333333333333,0.913860023021698,0.497575521469116,0.763024210929871,0.407520830631256
"189",143.333333333333,46.6666666666667,-0.462922185659409,2.10495185852051,0.00427813921123743,0.802700042724609
"190",146.666666666667,43.3333333333333,-0.118476778268814,0.549628257751465,1.6760106086731,0.00344574404880404
"191",153.333333333333,46.6666666666667,-1.60690808296204,2.33137559890747,0.157380431890488,0.0915409401059151
"192",156.666666666667,43.3333333333333,1.29176914691925,0.185881644487381,2.17559957504272,0.442904829978943
"193",163.333333333333,46.6666666666667,-0.395981848239899,1.2356024980545,0.206830427050591,0.696814298629761
"194",166.666666666667,43.3333333333333,0.68793785572052,-1.06388247013092,2.29769372940063,0.493886381387711
"195",173.333333333333,46.6666666666667,-0.0016157147474587,1.98202121257782,-1.34332931041718,0.686100721359253
"196",176.666666666667,43.3333333333333,0.135019987821579,-0.880335509777069,2.3369882106781,-0.332622766494751
"197",183.333333333333,46.6666666666667,-0.506785809993744,1.52018618583679,-0.880140960216522,0.150454565882683
"198",186.666666666667,43.3333333333333,-0.21417535841465,0.442930966615677,-0.196954727172852,-0.0137543203309178
"199",193.333333333333,46.6666666666667,-0.53825432062149,-0.0150309130549431,-0.177513107657433,-1.88852775096893
"200",196.666666666667,43.3333333333333,-0.299566268920898,0.406073540449142,-1.8155699968338,0.239882215857506
"201",3.33333333333333,56.6666666666667,1.78136372566223,-0.309052050113678,-0.246016621589661,-0.533791601657867
"202",6.66666666666667,53.3333333333333,1.28594839572906,1.88858067989349,-0.26446208357811,-1.12146747112274
"203",13.3333333333333,56.6666666666667,0.354360640048981,-0.626727521419525,-0.271415382623672,0.26289376616478
"204",16.6666666666667,53.3333333333333,0.325231969356537,2.53333187103271,-0.34058403968811,-0.755934536457062
"205",23.3333333333333,56.6666666666667,0.143635153770447,0.134457051753998,0.413803488016129,1.8526326417923
"206",26.6666666666667,53.3333333333333,0.984790205955505,1.46550154685974,-0.977208137512207,-1.39834189414978
"207",33.3333333333333,56.6666666666667,0.589141607284546,0.228376179933548,1.25091350078583,0.17372240126133
"208",36.6666666666667,53.3333333333333,-1.05998408794403,-0.0295337252318859,-0.579670131206512,1.00308632850647
"209",43.3333333333333,56.6666666666667,0.657742083072662,0.261431723833084,-0.873459756374359,-0.0111893285065889
"210",46.6666666666667,53.3333333333333,-0.417998522520065,-1.5300749540329,-0.242915898561478,0.500635802745819
"211",53.3333333333333,56.6666666666667,0.530941307544708,-0.232419863343239,0.796033978462219,-0.325839519500732
"212",56.6666666666667,53.3333333333333,0.826179981231689,-0.990694403648376,-0.524541318416595,-0.0616782903671265
"213",63.3333333333333,56.6666666666667,1.52761495113373,0.578231573104858,-0.318451941013336,-0.0650624707341194
"214",66.6666666666667,53.3333333333333,1.51729869842529,-0.44479775428772,-0.844945788383484,0.262243688106537
"215",73.3333333333333,56.6666666666667,-0.658493340015411,0.0579558722674847,0.982122302055359,-0.925918519496918
"216",76.6666666666667,53.3333333333333,0.729315400123596,-0.834553599357605,-0.0867290943861008,0.290918558835983
"217",83.3333333333333,56.6666666666667,-0.840658783912659,1.01388442516327,1.07647705078125,-0.167118832468987
"218",86.6666666666667,53.3333333333333,0.367719829082489,-0.857557594776154,-1.1912362575531,0.0471331477165222
"219",93.3333333333333,56.6666666666667,-0.207343950867653,-0.215304031968117,-0.336210608482361,0.766523540019989
"220",96.6666666666667,53.3333333333333,-0.789848864078522,1.62997055053711,-1.43076682090759,0.838266015052795
"221",103.333333333333,56.6666666666667,-1.40167570114136,-0.754723906517029,0.862545728683472,1.15893411636353
"222",106.666666666667,53.3333333333333,0.82380884885788,1.37894713878632,-1.67592322826385,0.095791220664978
"223",113.333333333333,56.6666666666667,-1.86596953868866,-0.283341556787491,0.736650764942169,1.16451251506805
"224",116.666666666667,53.3333333333333,1.68606817722321,1.21334218978882,-0.107173584401608,0.0159672368317842
"225",123.333333333333,56.6666666666667,-0.165362596511841,-0.468366593122482,1.02980351448059,1.08444690704346
"226",126.666666666667,53.3333333333333,0.104246698319912,-0.350475370883942,-0.38088047504425,0.15358279645443
"227",133.333333333333,56.6666666666667,0.779739677906036,-0.453600585460663,0.16930216550827,-0.173229306936264
"228",136.666666666667,53.3333333333333,-0.318905353546143,-0.68823105096817,-0.577349483966827,-0.316585808992386
"229",143.333333333333,56.6666666666667,0.656306087970734,0.222003594040871,-1.11210238933563,0.486411839723587
"230",146.666666666667,53.3333333333333,0.234628453850746,0.0335606075823307,1.54305338859558,0.147156000137329
"231",153.333333333333,56.6666666666667,1.28084027767181,-0.309247463941574,-0.273385614156723,0.826720476150513
"232",156.666666666667,53.3333333333333,-0.948198318481445,-0.656462073326111,2.53572869300842,0.107038781046867
"233",163.333333333333,56.6666666666667,0.0329095236957073,-1.72205591201782,-2.14876937866211,-0.281965523958206
"234",166.666666666667,53.3333333333333,-0.774441301822662,-0.634099662303925,1.7440220117569,0.314252495765686
"235",173.333333333333,56.6666666666667,0.0943630710244179,0.401533782482147,-0.651109278202057,0.399773806333542
"236",176.666666666667,53.3333333333333,-1.07993876934052,-0.698843419551849,-0.0371577404439449,0.636722326278687
"237",183.333333333333,56.6666666666667,-0.0337517186999321,-0.404584020376205,-0.371211558580399,0.0418864563107491
"238",186.666666666667,53.3333333333333,-1.19180727005005,-0.0628216415643692,-1.25788378715515,-0.829303920269012
"239",193.333333333333,56.6666666666667,0.3315210044384,-1.4765602350235,-0.863389015197754,0.0105945197865367
"240",196.666666666667,53.3333333333333,-1.10532581806183,0.0858919396996498,-1.01511764526367,-1.35871028900146
"241",3.33333333333333,66.6666666666667,0.112527176737785,-0.337490618228912,0.245780184864998,-1.69585788249969
"242",6.66666666666667,63.3333333333333,-1.38488376140594,-0.673243939876556,0.564883053302765,0.751942276954651
"243",13.3333333333333,66.6666666666667,0.79769229888916,-0.645723879337311,1.06723427772522,-0.377946496009827
"244",16.6666666666667,63.3333333333333,-0.475085258483887,0.14692784845829,-1.94325280189514,0.21739761531353
"245",23.3333333333333,66.6666666666667,0.179153710603714,-1.19277858734131,0.0678203925490379,0.50031578540802
"246",26.6666666666667,63.3333333333333,0.813304245471954,0.0744964107871056,-0.395209193229675,0.783211231231689
"247",33.3333333333333,66.6666666666667,0.364570587873459,-0.154676541686058,1.47151219844818,-1.47383046150208
"248",36.6666666666667,63.3333333333333,1.52225089073181,1.1620637178421,0.210085615515709,0.587767004966736
"249",43.3333333333333,66.6666666666667,0.812272667884827,-0.855225741863251,1.88689458370209,1.10793399810791
"250",46.6666666666667,63.3333333333333,1.29016423225403,0.573148667812347,0.590803384780884,-0.309219419956207
"251",53.3333333333333,66.6666666666667,1.23376846313477,-0.246257603168488,0.688521087169647,1.12231850624084
"252",56.6666666666667,63.3333333333333,-0.446152001619339,0.121700033545494,-1.61991369724274,-0.971064448356628
"253",63.3333333333333,66.6666666666667,0.155993893742561,-0.308189868927002,0.751558065414429,0.83569347858429
"254",66.6666666666667,63.3333333333333,0.493178695440292,1.65400648117065,-0.845244884490967,-1.2013463973999
"255",73.3333333333333,66.6666666666667,0.199164122343063,1.78833758831024,-0.836276531219482,0.083405576646328
"256",76.6666666666667,63.3333333333333,-0.261203408241272,0.331164687871933,-0.738059103488922,-0.808104693889618
"257",83.3333333333333,66.6666666666667,-0.734316527843475,2.27074599266052,-2.05262041091919,-0.0641329064965248
"258",86.6666666666667,63.3333333333333,0.433147668838501,0.0524351373314857,-0.269339293241501,-0.848706424236298
"259",93.3333333333333,66.6666666666667,-0.878082454204559,1.91808533668518,-1.90780603885651,-0.0829662755131721
"260",96.6666666666667,63.3333333333333,-0.25708144903183,-1.0943820476532,-1.31007862091064,0.0416213981807232
"261",103.333333333333,66.6666666666667,-1.6929018497467,1.45531070232391,-2.44316077232361,0.920428335666656
"262",106.666666666667,63.3333333333333,-0.0360686369240284,-0.0458378978073597,-1.46069765090942,0.936957061290741
"263",113.333333333333,66.6666666666667,-0.295818299055099,1.226842045784,-2.9373824596405,1.40131545066833
"264",116.666666666667,63.3333333333333,0.153216555714607,0.395532101392746,-0.977914750576019,1.07055568695068
"265",123.333333333333,66.6666666666667,0.0789641216397285,1.43277561664581,-1.11911618709564,-0.332928866147995
"266",126.666666666667,63.3333333333333,1.45560705661774,0.297250658273697,-1.49177801609039,-0.519781053066254
"267",133.333333333333,66.6666666666667,-1.03412437438965,2.45019364356995,1.04957401752472,-0.562436759471893
"268",136.666666666667,63.3333333333333,0.712901473045349,1.3325651884079,-0.746233701705933,1.37605834007263
"269",143.333333333333,66.6666666666667,0.0551171414554119,0.659400045871735,0.777230858802795,0.0336236506700516
"270",146.666666666667,63.3333333333333,0.62355762720108,0.48687481880188,0.453206539154053,0.739543318748474
"271",153.333333333333,66.6666666666667,1.50531947612762,0.824220716953278,0.568350315093994,0.535606145858765
"272",156.666666666667,63.3333333333333,-0.440303355455399,0.765150725841522,0.774223983287811,1.21289098262787
"273",163.333333333333,66.6666666666667,1.98041486740112,0.298905283212662,2.66051483154297,0.792439579963684
"274",166.666666666667,63.3333333333333,-0.660657286643982,0.205895721912384,0.88900089263916,1.53094100952148
"275",173.333333333333,66.6666666666667,0.191224485635757,-0.905354142189026,2.54252815246582,-0.13777469098568
"276",176.666666666667,63.3333333333333,0.182951018214226,0.322147697210312,0.849505960941315,0.580304682254791
"277",183.333333333333,66.6666666666667,0.263047367334366,0.49017333984375,1.13847732543945,-0.411065071821213
"278",186.666666666667,63.3333333333333,-0.780249536037445,0.596160888671875,1.42976343631744,-0.183220490813255
"279",193.333333333333,66.6666666666667,0.048890259116888,-0.307981252670288,1.0071507692337,-1.89107966423035
"280",196.666666666667,63.3333333333333,-0.860801696777344,-1.34643507003784,-0.0423778370022774,-0.368352830410004
"281",3.33333333333333,76.6666666666667,1.1625382900238,-0.240080431103706,-0.112846925854683,1.50498282909393
"282",6.66666666666667,73.3333333333333,1.11128032207489,-1.48305988311768,-0.421800017356873,-0.514365017414093
"283",13.3333333333333,76.6666666666667,0.596105754375458,0.854794859886169,-0.298336654901505,0.793294906616211
"284",16.6666666666667,73.3333333333333,1.19586944580078,0.933793187141418,-0.815416634082794,0.124430544674397
"285",23.3333333333333,76.6666666666667,1.18242883682251,2.22966170310974,-0.165674090385437,-0.698017776012421
"286",26.6666666666667,73.3333333333333,0.40027379989624,-0.232537224888802,-0.773243725299835,-0.881060481071472
"287",33.3333333333333,76.6666666666667,1.24322521686554,2.38067865371704,-0.49916210770607,0.0210381019860506
"288",36.6666666666667,73.3333333333333,0.0359997674822807,-0.756198644638062,-0.774777233600616,0.617194175720215
"289",43.3333333333333,76.6666666666667,1.11115264892578,2.01446509361267,0.462236434221268,-0.852044343948364
"290",46.6666666666667,73.3333333333333,1.6665495634079,0.0870327651500702,-1.40302491188049,-0.29828217625618
"291",53.3333333333333,76.6666666666667,-0.378421694040298,1.77967345714569,3.48339033126831,0.0988769680261612
"292",56.6666666666667,73.3333333333333,0.810102760791779,0.302945256233215,0.214274406433105,0.619674861431122
"293",63.3333333333333,76.6666666666667,0.902421891689301,0.406295537948608,2.82381343841553,0.300592064857483
"294",66.6666666666667,73.3333333333333,-0.5080326795578,-0.453810155391693,0.709416210651398,-0.954031884670258
"295",73.3333333333333,76.6666666666667,0.270356625318527,0.488701462745667,3.68327260017395,0.69257789850235
"296",76.6666666666667,73.3333333333333,-0.0870785936713219,-0.326645493507385,0.804324686527252,-0.922112345695496
"297",83.3333333333333,76.6666666666667,0.986168324947357,0.764332830905914,1.38892483711243,-0.14812758564949
"298",86.6666666666667,73.3333333333333,-0.484373211860657,-0.207767501473427,1.18150436878204,-0.57022488117218
"299",93.3333333333333,76.6666666666667,-0.232157841324806,0.559220731258392,-0.932031452655792,-0.152031496167183
"300",96.6666666666667,73.3333333333333,-0.89221864938736,-0.614798605442047,0.144660219550133,-1.20800614356995
"301",103.333333333333,76.6666666666667,-0.546624541282654,0.00309891230426729,-0.221015855669975,-1.43645930290222
"302",106.666666666667,73.3333333333333,-1.24603533744812,0.414054185152054,1.10214948654175,-1.02541947364807
"303",113.333333333333,76.6666666666667,-0.00440147193148732,-0.277669310569763,0.650088608264923,-0.819855093955994
"304",116.666666666667,73.3333333333333,-1.49827301502228,-1.23026776313782,0.255943477153778,-0.537480711936951
"305",123.333333333333,76.6666666666667,-0.653933346271515,0.142478227615356,0.126136913895607,-0.876668035984039
"306",126.666666666667,73.3333333333333,-0.982394933700562,0.322739332914352,-0.108459375798702,-0.0450244806706905
"307",133.333333333333,76.6666666666667,-1.01889157295227,1.01611316204071,0.0565527565777302,-0.163805052638054
"308",136.666666666667,73.3333333333333,-0.774387896060944,0.58604508638382,-1.25552070140839,-0.652476191520691
"309",143.333333333333,76.6666666666667,-0.245551630854607,0.153107762336731,-0.0558632090687752,0.238454803824425
"310",146.666666666667,73.3333333333333,0.688379108905792,-0.239333733916283,-0.745091140270233,-0.197037503123283
"311",153.333333333333,76.6666666666667,-0.153101414442062,-0.824620127677917,-0.713276088237762,-0.738581776618958
"312",156.666666666667,73.3333333333333,-0.334698259830475,-0.345474153757095,-0.909253656864166,0.917647480964661
"313",163.333333333333,76.6666666666667,-1.27333807945251,-0.311283320188522,-1.46311664581299,0.0912936478853226
"314",166.666666666667,73.3333333333333,1.31825304031372,0.257853597402573,-0.191335275769234,-0.275295048952103
"315",173.333333333333,76.6666666666667,-0.701144933700562,-0.832939445972443,-1.6870995759964,0.775363445281982
"316",176.666666666667,73.3333333333333,0.96615993976593,0.463949143886566,0.605010330677032,-0.0896995440125465
"317",183.333333333333,76.6666666666667,-0.0719069167971611,0.280788570642471,-3.09605979919434,-0.213817462325096
"318",186.666666666667,73.3333333333333,-1.27190327644348,1.69810473918915,-0.174912229180336,0.453587651252747
"319",193.333333333333,76.6666666666667,-0.919557392597198,0.680720567703247,-2.24481320381165,-1.08165514469147
"320",196.666666666667,73.3333333333333,-0.94419527053833,0.729502856731415,-0.102178052067757,0.239128589630127
"321",3.33333333333333,86.6666666666667,0.511315047740936,1.3632025718689,1.08802115917206,-1.28000116348267
"322",6.66666666666667,83.3333333333333,0.35089573264122,0.721905887126923,-0.947919487953186,0.606766760349274
"323",13.3333333333333,86.6666666666667,1.65900278091431,0.581526160240173,1.05515229701996,0.00162882369477302
"324",16.6666666666667,83.3333333333333,0.659628212451935,-0.41257181763649,-0.880288124084473,0.474901854991913
"325",23.3333333333333,86.6666666666667,0.0357818864285946,-0.487876117229462,-0.628345489501953,-0.226933598518372
"326",26.6666666666667,83.3333333333333,-0.328648418188095,0.670606970787048,1.15298390388489,-0.639901518821716
"327",33.3333333333333,86.6666666666667,0.321888267993927,0.691080093383789,-0.122001096606255,0.466980338096619
"328",36.6666666666667,83.3333333333333,0.0577490031719208,0.295984268188477,-0.701952338218689,-1.01552677154541
"329",43.3333333333333,86.6666666666667,-0.238362029194832,0.854317605495453,0.300198405981064,0.915749192237854
"330",46.6666666666667,83.3333333333333,0.231425851583481,-1.05893075466156,-1.49524879455566,0.418309718370438
"331",53.3333333333333,86.6666666666667,-0.663930296897888,0.320897400379181,-0.228143408894539,0.946627736091614
"332",56.6666666666667,83.3333333333333,0.500769078731537,0.633301615715027,-1.30187332630157,0.261604338884354
"333",63.3333333333333,86.6666666666667,-0.425457000732422,0.226148709654808,-0.682555198669434,-0.722769021987915
"334",66.6666666666667,83.3333333333333,0.545526444911957,-0.656980574131012,0.184636905789375,-0.105003319680691
"335",73.3333333333333,86.6666666666667,0.321564257144928,0.37862703204155,0.694429576396942,0.41365322470665
"336",76.6666666666667,83.3333333333333,0.297266900539398,0.0332640670239925,0.957640767097473,0.385424673557281
"337",83.3333333333333,86.6666666666667,0.0461834035813808,-0.642425715923309,0.350854247808456,-0.0410496182739735
"338",86.6666666666667,83.3333333333333,0.571955442428589,0.3056640625,1.09059762954712,1.24261617660522
"339",93.3333333333333,86.6666666666667,-0.512261629104614,-0.91275691986084,-0.516032040119171,1.10113263130188
"340",96.6666666666667,83.3333333333333,0.454314827919006,0.220528140664101,0.755481004714966,1.54264903068542
"341",103.333333333333,86.6666666666667,-0.11669497191906,-1.84009945392609,1.31762862205505,0.666184484958649
"342",106.666666666667,83.3333333333333,-0.0533684678375721,0.039467241615057,0.912759780883789,0.235749021172523
"343",113.333333333333,86.6666666666667,0.112815000116825,-0.958477914333344,0.682291030883789,1.50577616691589
"344",116.666666666667,83.3333333333333,0.33345952630043,0.919451057910919,0.658987760543823,-0.871584355831146
"345",123.333333333333,86.6666666666667,0.177460968494415,-0.212496414780617,0.592621564865112,0.261116564273834
"346",126.666666666667,83.3333333333333,0.145801216363907,0.754416704177856,0.120454110205173,0.115044429898262
"347",133.333333333333,86.6666666666667,-0.178854718804359,2.01096725463867,-0.916876018047333,-1.88944053649902
"348",136.666666666667,83.3333333333333,0.991947174072266,0.934813618659973,0.789773285388947,-0.677570223808289
"349",143.333333333333,86.6666666666667,0.296045273542404,1.88769793510437,0.787013828754425,-1.21564376354218
"350",146.666666666667,83.3333333333333,0.653469204902649,1.64001595973969,1.03365862369537,-0.193599730730057
"351",153.333333333333,86.6666666666667,0.440895825624466,0.316326797008514,-0.0715563893318176,0.910611093044281
"352",156.666666666667,83.3333333333333,0.798266410827637,-0.0998734086751938,0.84943675994873,0.0929682031273842
"353",163.333333333333,86.6666666666667,-0.786570727825165,-0.034440353512764,-0.445766657590866,-1.84165012836456
"354",166.666666666667,83.3333333333333,0.541235685348511,-0.731333553791046,1.70236468315125,0.0637875497341156
"355",173.333333333333,86.6666666666667,0.522262334823608,1.44149434566498,-0.388507694005966,-0.917191326618195
"356",176.666666666667,83.3333333333333,1.51639544963837,-0.879509210586548,0.371253550052643,1.42344295978546
"357",183.333333333333,86.6666666666667,0.729796230792999,1.29480123519897,1.551114320755,0.102325968444347
"358",186.666666666667,83.3333333333333,1.21694779396057,-0.453420698642731,-0.836927831172943,0.65461528301239
"359",193.333333333333,86.6666666666667,0.9969602227211,1.08585512638092,-0.498973697423935,0.575833380222321
"360",196.666666666667,83.3333333333333,0.580021142959595,1.15210151672363,-1.05364847183228,0.338741987943649
"361",3.33333333333333,96.6666666666667,1.77567517757416,-0.0794838070869446,-0.57701164484024,-1.30681312084198
"362",6.66666666666667,93.3333333333333,2.12631249427795,-1.17155694961548,0.557067632675171,-1.94073760509491
"363",13.3333333333333,96.6666666666667,1.45801568031311,1.25302708148956,1.32372415065765,-0.297720164060593
"364",16.6666666666667,93.3333333333333,-0.109332621097565,-1.50687944889069,0.297923475503922,-0.659882187843323
"365",23.3333333333333,96.6666666666667,0.323401004076004,0.0813075751066208,0.212060660123825,0.801455020904541
"366",26.6666666666667,93.3333333333333,-1.00877344608307,-0.835195958614349,1.12985813617706,-1.06596112251282
"367",33.3333333333333,96.6666666666667,0.799867212772369,-0.0795454755425453,-0.36988639831543,0.533131301403046
"368",36.6666666666667,93.3333333333333,-0.876472175121307,0.209644317626953,1.40095031261444,-0.174792617559433
"369",43.3333333333333,96.6666666666667,1.36644744873047,0.135166019201279,0.261479645967484,0.3378024995327
"370",46.6666666666667,93.3333333333333,0.683136641979218,0.205340445041656,-0.127145230770111,-0.966833531856537
"371",53.3333333333333,96.6666666666667,-0.30909651517868,0.270073354244232,1.32734227180481,0.372605443000793
"372",56.6666666666667,93.3333333333333,-0.130207777023315,0.9742830991745,-1.59679889678955,0.59183931350708
"373",63.3333333333333,96.6666666666667,-2.42798852920532,0.223459482192993,0.545510351657867,0.336876928806305
"374",66.6666666666667,93.3333333333333,-1.02717697620392,0.133868888020515,-0.645992338657379,0.853281140327454
"375",73.3333333333333,96.6666666666667,-1.44483494758606,-0.166923582553864,-0.187397763133049,2.95928239822388
"376",76.6666666666667,93.3333333333333,0.0551171042025089,-0.348913699388504,-1.17240834236145,1.70643651485443
"377",83.3333333333333,96.6666666666667,-1.79738759994507,-1.19140732288361,-1.43554890155792,-0.40325078368187
"378",86.6666666666667,93.3333333333333,1.26358783245087,0.970008671283722,-1.521071434021,1.06773364543915
"379",93.3333333333333,96.6666666666667,-2.11391758918762,-0.0504496358335018,0.331720054149628,0.0130720175802708
"380",96.6666666666667,93.3333333333333,-0.175957962870598,1.45990633964539,-0.606374144554138,0.635593712329865
"381",103.333333333333,96.6666666666667,-2.85787916183472,0.0136982752010226,-0.722006678581238,0.143479943275452
"382",106.666666666667,93.3333333333333,-0.543930947780609,0.0132537689059973,0.600811123847961,-0.545092880725861
"383",113.333333333333,96.6666666666667,-0.444117367267609,-0.52391505241394,0.10501915961504,-0.160473331809044
"384",116.666666666667,93.3333333333333,-0.295556575059891,0.0506247617304325,1.29888331890106,-1.92043721675873
"385",123.333333333333,96.6666666666667,0.260116547346115,-0.283426880836487,0.356530547142029,0.532791197299957
"386",126.666666666667,93.3333333333333,-1.55805742740631,0.122716553509235,0.596541464328766,0.111770153045654
"387",133.333333333333,96.6666666666667,-1.40943074226379,0.389468491077423,0.289539963006973,0.239586025476456
"388",136.666666666667,93.3333333333333,-1.4732232093811,2.10862970352173,-0.858447968959808,-0.714169323444366
"389",143.333333333333,96.6666666666667,-0.00779433408752084,-0.169012188911438,-0.66784805059433,-0.600755929946899
"390",146.666666666667,93.3333333333333,-0.938438296318054,1.67460381984711,-1.45725774765015,-0.0822890996932983
"391",153.333333333333,96.6666666666667,0.452980220317841,0.308963000774384,-1.98962986469269,-1.41145467758179
"392",156.666666666667,93.3333333333333,-1.50668704509735,1.66971099376678,-0.498300760984421,1.11911225318909
"393",163.333333333333,96.6666666666667,0.676266431808472,0.987761259078979,0.409279316663742,-0.256710410118103
"394",166.666666666667,93.3333333333333,-0.10510391741991,-0.133860632777214,0.519173860549927,-0.37529918551445
"395",173.333333333333,96.6666666666667,0.0738942101597786,-0.373664766550064,1.89487874507904,-0.326309233903885
"396",176.666666666667,93.3333333333333,1.44478607177734,0.998959541320801,-0.606472790241241,-0.962525248527527
"397",183.333333333333,96.6666666666667,0.778749704360962,-0.357956528663635,1.6868771314621,0.720655560493469
"398",186.666666666667,93.3333333333333,0.394872337579727,-1.22749197483063,0.157095536589622,-1.41135406494141
"399",193.333333333333,96.6666666666667,1.33878576755524,-0.764129459857941,1.74880909919739,0.763246774673462
"400",196.666666666667,93.3333333333333,1.14991676807404,-1.31740820407867,0.450859516859055,-0.307791292667389
